π÷ŒÔID
id
1
2
3
7
8
9
10
11
12
15
16
17
18
19
20
21
22
23
24
25
26
28
29
32
1000
1001
1002
1003
1004
1005
1006
1007
1008
1009
1010
1011
1012
1013
1014
1015
1016
1017
1018
1019
1020
1021
1022
1023
1029
2000
2001
2002
2003
2005
2010
2011
2012
2027
2042
2046
3003
4001
4002
4003
4004
4005
4006
4007
4008
4009
4011
4019
4030
4031
4032
4033
4034
4035
4038
4040
4048
4059
4060
4061
4062
4063
4064
4066
4067
4069
4077
10000
10001
10002
10003
10004
10006
10007
10008
10015
20001
20002
20003
20004
20005
20006
20007
20008
20009
20010
20011
20017
20020
20021
20024
20025
20026
20027
20028
20050
20051
20052
20053
20054
20055
20056
20057
20058
20059
20060
20061
20062