熔炼ID	匹配熔炼值段	熔炼奖励	宝石孔位	洗练属性
fusion_id	fusion	award	GemMax	WashMax
1	0:299;	401001;404001;	0	0
2	300:349;	401002;404002;	0	0
3	350:399;	401003;404003;	0	0
4	400:449;	401004;404004;	0	0
5	450:499;	401005;404005;	0	0
6	500:549;	401006;402006;403006;404006;	0	0
7	550:599;	401007;402007;403007;404007;	0	0
8	600:649;	401008;402008;403008;404008;	0	0
9	650:699;	401009;402009;403009;404009;	0	0
10	700:749;	401010;402010;403010;404010;	0	0
11	750:799;	401011;402011;403011;404011;408011;	0	0
12	800:849;	401012;402012;403012;404012;408012;	0	0
13	850:899;	401013;402013;403013;404013;408013;	0	0
14	900:949;	401014;402014;403014;404014;408014;	0	0
15	950:999;	401015;402015;403015;404015;408015;	0	0
16	1000:1049;	401016;402016;403016;404016;408016;	0	0
17	1050:1099;	401017;402017;403017;404017;408017;	0	0
18	1100:1149;	401018;402018;403018;404018;408018;	0	0
19	1150:1199;	401019;402019;403019;404019;408019;	0	0
20	1200:1249;	401020;402020;403020;404020;408020;	0	0
21	1250:1299;	401021;402021;403021;404021;405021;408021;	4	0
22	1300:1349;	401022;402022;403022;404022;405022;408022;	4	0
23	1350:1399;	401023;402023;403023;404023;405023;408023;	4	0
24	1400:1449;	401024;402024;403024;404024;405024;408024;	4	0
25	1450:1499;	401025;402025;403025;404025;405025;408025;	4	0
26	1500:1549;	401026;402026;403026;404026;405026;408026;	4	4
27	1550:1599;	401027;402027;403027;404027;405027;408027;	4	4
28	1600:1649;	401028;402028;403028;404028;405028;408028;	4	4
29	1650:1699;	401029;402029;403029;404029;405029;408029;	4	4
30	1700:1749;	401030;402030;403030;404030;405030;408030;	4	4
31	1750:1799;	401031;402031;403031;404031;405031;408031;	4	4
32	1800:1849;	401032;402032;403032;404032;405032;408032;	4	4
33	1850:1899;	401033;402033;403033;404033;405033;408033;	4	4
34	1900:1949;	401034;402034;403034;404034;405034;408034;	4	4
35	1950:1999;	401035;402035;403035;404035;405035;408035;	4	4
36	2000:2049;	401036;402036;403036;404036;405036;408036;	4	4
37	2050:2099;	401037;402037;403037;404037;405037;408037;	4	4
38	2100:2149;	401038;402038;403038;404038;405038;408038;	4	4
39	2150:2199;	401039;402039;403039;404039;405039;408039;	4	4
40	2200:2249;	401040;402040;403040;404040;405040;408040;	4	4
41	2250:2299;	401041;402041;403041;404041;405041;408041;	4	4
42	2300:2349;	401042;402042;403042;404042;405042;408042;	4	4
43	2350:2399;	401043;402043;403043;404043;405043;408043;	4	4
44	2400:2449;	401044;402044;403044;404044;405044;408044;	4	4
45	2450:2499;	401045;402045;403045;404045;405045;408045;	4	4
46	2500:2549;	401046;402046;403046;404046;405046;408046;	4	4
47	2550:2599;	401047;402047;403047;404047;405047;408047;	4	4
48	2600:2649;	401048;402048;403048;404048;405048;408048;	4	4
49	2650:2699;	401049;402049;403049;404049;405049;408049;	4	4
50	2700:2749;	401050;402050;403050;404050;405050;408050;	4	4
51	2750:2799;	401051;402051;403051;404051;405051;408051;	4	4
52	2800:2849;	401052;402052;403052;404052;405052;408052;	4	4
53	2850:2899;	401053;402053;403053;404053;405053;408053;	4	4
54	2900:2949;	401054;402054;403054;404054;405054;408054;	4	4
55	2950:2999;	401055;402055;403055;404055;405055;408055;	4	4
56	3000:3049;	401056;402056;403056;404056;405056;408056;	4	4
57	3050:3099;	401057;402057;403057;404057;405057;408057;	4	4
58	3100:3149;	401058;402058;403058;404058;405058;408058;	4	4
59	3150:3199;	401059;402059;403059;404059;405059;408059;	4	4
60	3200:3249;	401060;402060;403060;404060;405060;408060;	4	4
61	3250:3299;	401061;402061;403061;404061;405061;408061;	4	4
62	3300:3349;	401062;402062;403062;404062;405062;408062;	4	4
63	3350:3399;	401063;402063;403063;404063;405063;408063;	4	4
64	3400:3449;	401064;402064;403064;404064;405064;408064;	4	4
65	3450:3499;	401065;402065;403065;404065;405065;408065;	4	4
66	3500:3549;	401066;402066;403066;404066;405066;408066;	4	4
67	3550:3599;	401067;402067;403067;404067;405067;408067;	4	4
68	3600:3649;	401068;402068;403068;404068;405068;408068;	4	4
69	3650:3699;	401069;402069;403069;404069;405069;408069;	4	4
70	3700:3749;	401070;402070;403070;404070;405070;408070;	4	4
71	3750:3799;	401071;402071;403071;404071;405071;408071;	4	4
72	3800:3849;	401072;402072;403072;404072;405072;408072;	4	4
73	3850:3899;	401073;402073;403073;404073;405073;408073;	4	4
74	3900:3949;	401074;402074;403074;404074;405074;408074;	4	4
75	3950:3999;	401075;402075;403075;404075;405075;408075;	4	4
76	4000:4049;	401076;402076;403076;404076;405076;408076;	4	4
77	4050:4099;	401077;402077;403077;404077;405077;408077;	4	4
78	4100:4149;	401078;402078;403078;404078;405078;408078;	4	4
79	4150:4199;	401079;402079;403079;404079;405079;408079;	4	4
80	4200:4249;	401080;402080;403080;404080;405080;408080;	4	4
81	4250:4299;	401081;402081;403081;404081;405081;408081;	4	4
82	4300:4349;	401082;402082;403082;404082;405082;408082;	4	4
83	4350:4399;	401083;402083;403083;404083;405083;408083;	4	4
84	4400:4449;	401084;402084;403084;404084;405084;408084;	4	4
85	4450:4499;	401085;402085;403085;404085;405085;408085;	4	4
86	4500:4549;	401086;402086;403086;404086;405086;408086;	4	4
87	4550:4599;	401087;402087;403087;404087;405087;408087;	4	4
88	4600:4649;	401088;402088;403088;404088;405088;408088;	4	4
89	4650:4699;	401089;402089;403089;404089;405089;408089;	4	4
90	4700:4749;	401090;402090;403090;404090;405090;408090;	4	4
91	4750:4799;	401091;402091;403091;404091;405091;408091;	4	4
92	4800:4849;	401092;402092;403092;404092;405092;408092;	4	4
93	4850:4899;	401093;402093;403093;404093;405093;408093;	4	4
94	4900:4949;	401094;402094;403094;404094;405094;408094;	4	4
95	4950:4999;	401095;402095;403095;404095;405095;408095;	4	4
96	5000:5049;	401096;402096;403096;404096;405096;408096;	4	4
97	5050:5099;	401097;402097;403097;404097;405097;408097;	4	4
98	5100:5149;	401098;402098;403098;404098;405098;408098;	4	4
99	5150:5199;	401099;402099;403099;404099;405099;408099;	4	4
100	5200:5249;	401100;402100;403100;404100;405100;408100;	4	4
