道具组id	道具id	道具名称	道具数量	道具权重	需求货币数量
mystery_item_id	item_id	name	count	weighing	money_count
201001	51101000	剑客武器图纸	1	10	50
201001	51111000	狂战武器图纸	1	10	50
201001	51121000	鬼阵武器图纸	1	10	50
201001	51131000	魔剑士武器图纸	1	10	50
201001	51201000	枪炮师武器图纸	1	10	50
201001	51211000	神枪手武器图纸	1	10	50
201001	51221000	弹药专家武器图纸	1	10	50
201001	51301000	拳法家武器图纸	1	10	50
201001	51311000	流氓武器图纸	1	10	50
201001	51321000	气功师武器图纸	1	10	50
201001	51401000	战斗法师武器图纸	1	10	50
201001	51411000	元素法师武器图纸	1	10	50
201001	51231000	弹药武器图纸	1	10	50
201001	51431000	魔道武器图纸	1	10	50
201020	51101000	剑客武器图纸	1	10	50
201020	51111000	狂战武器图纸	1	10	50
201020	51121000	鬼阵武器图纸	1	10	50
201020	51131000	魔剑士武器图纸	1	10	50
201020	51201000	枪炮师武器图纸	1	10	50
201020	51211000	神枪手武器图纸	1	10	50
201020	51221000	弹药专家武器图纸	1	10	50
201020	51301000	拳法家武器图纸	1	10	50
201020	51311000	流氓武器图纸	1	10	50
201020	51321000	气功师武器图纸	1	10	50
201020	51401000	战斗法师武器图纸	1	10	50
201020	51411000	元素法师武器图纸	1	10	50
201020	52101000	剑客武器图纸	1	10	100
201020	52111000	狂战武器图纸	1	10	100
201020	52121000	鬼阵武器图纸	1	10	100
201020	52131000	魔剑士武器图纸	1	10	100
201020	52201000	枪炮师武器图纸	1	10	100
201020	52211000	神枪手武器图纸	1	10	100
201020	52221000	弹药专家武器图纸	1	10	100
201020	52301000	拳法家武器图纸	1	10	100
201020	52311000	流氓武器图纸	1	10	100
201020	52321000	气功师武器图纸	1	10	100
201020	52401000	战斗法师武器图纸	1	10	100
201020	52411000	元素法师武器图纸	1	10	100
201020	51231000	弹药	1	10	50
201020	52231000	弹药	1	10	100
201020	51431000	弹药	1	10	50
201020	52431000	弹药	1	10	100
201030	51101000	剑客武器图纸	1	10	50
201030	51111000	狂战武器图纸	1	10	50
201030	51121000	鬼阵武器图纸	1	10	50
201030	51131000	魔剑士武器图纸	1	10	50
201030	51201000	枪炮师武器图纸	1	10	50
201030	51211000	神枪手武器图纸	1	10	50
201030	51221000	弹药专家武器图纸	1	10	50
201030	51301000	拳法家武器图纸	1	10	50
201030	51311000	流氓武器图纸	1	10	50
201030	51321000	气功师武器图纸	1	10	50
201030	51401000	战斗法师武器图纸	1	10	50
201030	51411000	元素法师武器图纸	1	10	50
201030	52101000	剑客武器图纸	1	10	100
201030	52111000	狂战武器图纸	1	10	100
201030	52121000	鬼阵武器图纸	1	10	100
201030	52131000	魔剑士武器图纸	1	10	100
201030	52201000	枪炮师武器图纸	1	10	100
201030	52211000	神枪手武器图纸	1	10	100
201030	52221000	弹药专家武器图纸	1	10	100
201030	52301000	拳法家武器图纸	1	10	100
201030	52311000	流氓武器图纸	1	10	100
201030	52321000	气功师武器图纸	1	10	100
201030	52401000	战斗法师武器图纸	1	10	100
201030	52411000	元素法师武器图纸	1	10	100
201030	53101000	剑客武器图纸	1	10	200
201030	53111000	狂战武器图纸	1	10	200
201030	53121000	鬼阵武器图纸	1	10	200
201030	53131000	魔剑士武器图纸	1	10	200
201030	53201000	枪炮师武器图纸	1	10	200
201030	53211000	神枪手武器图纸	1	10	200
201030	53221000	弹药专家武器图纸	1	10	200
201030	53301000	拳法家武器图纸	1	10	200
201030	53311000	流氓武器图纸	1	10	200
201030	53321000	气功师武器图纸	1	10	200
201030	53401000	战斗法师武器图纸	1	10	200
201030	53411000	元素法师武器图纸	1	10	200
201030	51231000	弹药	1	10	50
201030	52231000	弹药	1	10	100
201030	53231000	弹药	1	10	200
201030	51431000	弹药	1	10	50
201030	52431000	弹药	1	10	100
201030	53431000	弹药	1	10	200
201040	51101000	剑客武器图纸	1	10	50
201040	51111000	狂战武器图纸	1	10	50
201040	51121000	鬼阵武器图纸	1	10	50
201040	51131000	魔剑士武器图纸	1	10	50
201040	51201000	枪炮师武器图纸	1	10	50
201040	51211000	神枪手武器图纸	1	10	50
201040	51221000	弹药专家武器图纸	1	10	50
201040	51301000	拳法家武器图纸	1	10	50
201040	51311000	流氓武器图纸	1	10	50
201040	51321000	气功师武器图纸	1	10	50
201040	51401000	战斗法师武器图纸	1	10	50
201040	51411000	元素法师武器图纸	1	10	50
201040	52101000	剑客武器图纸	1	10	100
201040	52111000	狂战武器图纸	1	10	100
201040	52121000	鬼阵武器图纸	1	10	100
201040	52131000	魔剑士武器图纸	1	10	100
201040	52201000	枪炮师武器图纸	1	10	100
201040	52211000	神枪手武器图纸	1	10	100
201040	52221000	弹药专家武器图纸	1	10	100
201040	52301000	拳法家武器图纸	1	10	100
201040	52311000	流氓武器图纸	1	10	100
201040	52321000	气功师武器图纸	1	10	100
201040	52401000	战斗法师武器图纸	1	10	100
201040	52411000	元素法师武器图纸	1	10	100
201040	53101000	剑客武器图纸	1	10	200
201040	53111000	狂战武器图纸	1	10	200
201040	53121000	鬼阵武器图纸	1	10	200
201040	53131000	魔剑士武器图纸	1	10	200
201040	53201000	枪炮师武器图纸	1	10	200
201040	53211000	神枪手武器图纸	1	10	200
201040	53221000	弹药专家武器图纸	1	10	200
201040	53301000	拳法家武器图纸	1	10	200
201040	53311000	流氓武器图纸	1	10	200
201040	53321000	气功师武器图纸	1	10	200
201040	53401000	战斗法师武器图纸	1	10	200
201040	53411000	元素法师武器图纸	1	10	200
201040	54101000	剑客武器图纸	1	10	400
201040	54111000	狂战武器图纸	1	10	400
201040	54121000	鬼阵武器图纸	1	10	400
201040	54131000	魔剑士武器图纸	1	10	400
201040	54201000	枪炮师武器图纸	1	10	400
201040	54211000	神枪手武器图纸	1	10	400
201040	54221000	弹药专家武器图纸	1	10	400
201040	54301000	拳法家武器图纸	1	10	400
201040	54311000	流氓武器图纸	1	10	400
201040	54321000	气功师武器图纸	1	10	400
201040	54401000	战斗法师武器图纸	1	10	400
201040	54411000	元素法师武器图纸	1	10	400
201040	51231000	弹药	1	10	50
201040	52231000	弹药	1	10	100
201040	53231000	弹药	1	10	200
201040	54231000	弹药	1	10	400
201040	51431000	弹药	1	10	50
201040	52431000	弹药	1	10	100
201040	53431000	弹药	1	10	200
201040	54431000	弹药	1	10	400
201050	51101000	剑客武器图纸	1	10	50
201050	51111000	狂战武器图纸	1	10	50
201050	51121000	鬼阵武器图纸	1	10	50
201050	51131000	魔剑士武器图纸	1	10	50
201050	51201000	枪炮师武器图纸	1	10	50
201050	51211000	神枪手武器图纸	1	10	50
201050	51221000	弹药专家武器图纸	1	10	50
201050	51301000	拳法家武器图纸	1	10	50
201050	51311000	流氓武器图纸	1	10	50
201050	51321000	气功师武器图纸	1	10	50
201050	51401000	战斗法师武器图纸	1	10	50
201050	51411000	元素法师武器图纸	1	10	50
201050	52101000	剑客武器图纸	1	10	100
201050	52111000	狂战武器图纸	1	10	100
201050	52121000	鬼阵武器图纸	1	10	100
201050	52131000	魔剑士武器图纸	1	10	100
201050	52201000	枪炮师武器图纸	1	10	100
201050	52211000	神枪手武器图纸	1	10	100
201050	52221000	弹药专家武器图纸	1	10	100
201050	52301000	拳法家武器图纸	1	10	100
201050	52311000	流氓武器图纸	1	10	100
201050	52321000	气功师武器图纸	1	10	100
201050	52401000	战斗法师武器图纸	1	10	100
201050	52411000	元素法师武器图纸	1	10	100
201050	53101000	剑客武器图纸	1	10	200
201050	53111000	狂战武器图纸	1	10	200
201050	53121000	鬼阵武器图纸	1	10	200
201050	53131000	魔剑士武器图纸	1	10	200
201050	53201000	枪炮师武器图纸	1	10	200
201050	53211000	神枪手武器图纸	1	10	200
201050	53221000	弹药专家武器图纸	1	10	200
201050	53301000	拳法家武器图纸	1	10	200
201050	53311000	流氓武器图纸	1	10	200
201050	53321000	气功师武器图纸	1	10	200
201050	53401000	战斗法师武器图纸	1	10	200
201050	53411000	元素法师武器图纸	1	10	200
201050	54101000	剑客武器图纸	1	10	400
201050	54111000	狂战武器图纸	1	10	400
201050	54121000	鬼阵武器图纸	1	10	400
201050	54131000	魔剑士武器图纸	1	10	400
201050	54201000	枪炮师武器图纸	1	10	400
201050	54211000	神枪手武器图纸	1	10	400
201050	54221000	弹药专家武器图纸	1	10	400
201050	54301000	拳法家武器图纸	1	10	400
201050	54311000	流氓武器图纸	1	10	400
201050	54321000	气功师武器图纸	1	10	400
201050	54401000	战斗法师武器图纸	1	10	400
201050	54411000	元素法师武器图纸	1	10	400
201050	55101000	剑客武器图纸	1	10	1000
201050	55111000	狂战武器图纸	1	10	1000
201050	55121000	鬼阵武器图纸	1	10	1000
201050	55131000	魔剑士武器图纸	1	10	1000
201050	55201000	枪炮师武器图纸	1	10	1000
201050	55211000	神枪手武器图纸	1	10	1000
201050	55221000	弹药专家武器图纸	1	10	1000
201050	55301000	拳法家武器图纸	1	10	1000
201050	55311000	流氓武器图纸	1	10	1000
201050	55321000	气功师武器图纸	1	10	1000
201050	55401000	战斗法师武器图纸	1	10	1000
201050	55411000	元素法师武器图纸	1	10	1000
201050	51231000	弹药	1	10	50
201050	52231000	弹药	1	10	100
201050	53231000	弹药	1	10	200
201050	54231000	弹药	1	10	400
201050	55231000	弹药	1	10	1000
201050	51431000	弹药	1	10	50
201050	52431000	弹药	1	10	100
201050	53431000	弹药	1	10	200
201050	54431000	弹药	1	10	400
201050	55431000	弹药	1	10	1000
201060	51101000	剑客武器图纸	1	10	50
201060	51111000	狂战武器图纸	1	10	50
201060	51121000	鬼阵武器图纸	1	10	50
201060	51131000	魔剑士武器图纸	1	10	50
201060	51201000	枪炮师武器图纸	1	10	50
201060	51211000	神枪手武器图纸	1	10	50
201060	51221000	弹药专家武器图纸	1	10	50
201060	51301000	拳法家武器图纸	1	10	50
201060	51311000	流氓武器图纸	1	10	50
201060	51321000	气功师武器图纸	1	10	50
201060	51401000	战斗法师武器图纸	1	10	50
201060	51411000	元素法师武器图纸	1	10	50
201060	52101000	剑客武器图纸	1	10	100
201060	52111000	狂战武器图纸	1	10	100
201060	52121000	鬼阵武器图纸	1	10	100
201060	52131000	魔剑士武器图纸	1	10	100
201060	52201000	枪炮师武器图纸	1	10	100
201060	52211000	神枪手武器图纸	1	10	100
201060	52221000	弹药专家武器图纸	1	10	100
201060	52301000	拳法家武器图纸	1	10	100
201060	52311000	流氓武器图纸	1	10	100
201060	52321000	气功师武器图纸	1	10	100
201060	52401000	战斗法师武器图纸	1	10	100
201060	52411000	元素法师武器图纸	1	10	100
201060	53101000	剑客武器图纸	1	10	200
201060	53111000	狂战武器图纸	1	10	200
201060	53121000	鬼阵武器图纸	1	10	200
201060	53131000	魔剑士武器图纸	1	10	200
201060	53201000	枪炮师武器图纸	1	10	200
201060	53211000	神枪手武器图纸	1	10	200
201060	53221000	弹药专家武器图纸	1	10	200
201060	53301000	拳法家武器图纸	1	10	200
201060	53311000	流氓武器图纸	1	10	200
201060	53321000	气功师武器图纸	1	10	200
201060	53401000	战斗法师武器图纸	1	10	200
201060	53411000	元素法师武器图纸	1	10	200
201060	54101000	剑客武器图纸	1	10	400
201060	54111000	狂战武器图纸	1	10	400
201060	54121000	鬼阵武器图纸	1	10	400
201060	54131000	魔剑士武器图纸	1	10	400
201060	54201000	枪炮师武器图纸	1	10	400
201060	54211000	神枪手武器图纸	1	10	400
201060	54221000	弹药专家武器图纸	1	10	400
201060	54301000	拳法家武器图纸	1	10	400
201060	54311000	流氓武器图纸	1	10	400
201060	54321000	气功师武器图纸	1	10	400
201060	54401000	战斗法师武器图纸	1	10	400
201060	54411000	元素法师武器图纸	1	10	400
201060	55101000	剑客武器图纸	1	10	1000
201060	55111000	狂战武器图纸	1	10	1000
201060	55121000	鬼阵武器图纸	1	10	1000
201060	55131000	魔剑士武器图纸	1	10	1000
201060	55201000	枪炮师武器图纸	1	10	1000
201060	55211000	神枪手武器图纸	1	10	1000
201060	55221000	弹药专家武器图纸	1	10	1000
201060	55301000	拳法家武器图纸	1	10	1000
201060	55311000	流氓武器图纸	1	10	1000
201060	55321000	气功师武器图纸	1	10	1000
201060	55401000	战斗法师武器图纸	1	10	1000
201060	55411000	元素法师武器图纸	1	10	1000
201060	56101000	剑客武器图纸	1	10	3000
201060	56111000	狂战武器图纸	1	10	3000
201060	56121000	鬼阵武器图纸	1	10	3000
201060	56131000	魔剑士武器图纸	1	10	3000
201060	56201000	枪炮师武器图纸	1	10	3000
201060	56211000	神枪手武器图纸	1	10	3000
201060	56221000	弹药专家武器图纸	1	10	3000
201060	56301000	拳法家武器图纸	1	10	3000
201060	56311000	流氓武器图纸	1	10	3000
201060	56321000	气功师武器图纸	1	10	3000
201060	56401000	战斗法师武器图纸	1	10	3000
201060	56411000	元素法师武器图纸	1	10	3000
201060	51231000	弹药	1	10	50
201060	52231000	弹药	1	10	100
201060	53231000	弹药	1	10	200
201060	54231000	弹药	1	10	400
201060	55231000	弹药	1	10	1000
201060	56231000	弹药	1	10	3000
201060	51431000	弹药	1	10	50
201060	52431000	弹药	1	10	100
201060	53431000	弹药	1	10	200
201060	54431000	弹药	1	10	400
201060	55431000	弹药	1	10	1000
201060	56431000	弹药	1	10	3000
202001	71000001	sp+5	10	10	20
202010	71000001	sp+5	10	10	20
202010	72000001	sp+10	5	10	25
202010	72000001	sp+10	10	10	50
202020	71000001	sp+5	10	10	20
202020	72000001	sp+10	5	10	25
202020	72000001	sp+10	10	10	50
202020	73000001	sp+15	2	10	30
202020	73000001	sp+15	3	10	45
202020	73000001	sp+15	4	10	60
202020	73000001	sp+15	5	10	75
202020	73000001	sp+15	10	10	150
202030	71000001	sp+5	10	10	20
202030	72000001	sp+10	5	10	25
202030	72000001	sp+10	10	10	50
202030	73000001	sp+15	2	10	30
202030	73000001	sp+15	3	10	45
202030	73000001	sp+15	4	10	60
202030	73000001	sp+15	5	10	75
202030	73000001	sp+15	10	10	150
202030	74000001	sp+20	1	10	100
202030	74000001	sp+20	2	10	200
202030	74000001	sp+20	3	10	300
202030	74000001	sp+20	4	10	400
202030	74000001	sp+20	5	10	500
202030	74000001	sp+20	10	10	1000
202030	86001018	原石	2	10	30
202030	86001018	原石	3	10	45
202030	86001018	原石	4	10	60
202030	86001018	原石	5	10	75
202030	86001018	原石	10	10	150
202040	71000001	sp+5	10	10	20
202040	72000001	sp+10	5	10	25
202040	72000001	sp+10	10	10	50
202040	73000001	sp+15	2	10	30
202040	73000001	sp+15	3	10	45
202040	73000001	sp+15	4	10	60
202040	73000001	sp+15	5	10	75
202040	73000001	sp+15	10	10	150
202040	74000001	sp+20	1	10	100
202040	74000001	sp+20	2	10	200
202040	74000001	sp+20	3	10	300
202040	74000001	sp+20	4	10	400
202040	74000001	sp+20	5	10	500
202040	74000001	sp+20	10	10	1000
202040	86001018	原石	2	10	30
202040	86001018	原石	3	10	45
202040	86001018	原石	4	10	60
202040	86001018	原石	5	10	75
202040	86001018	原石	10	10	150
202050	71000001	sp+5	10	10	20
202050	72000001	sp+10	5	10	25
202050	72000001	sp+10	10	10	50
202050	73000001	sp+15	2	10	30
202050	73000001	sp+15	3	10	45
202050	73000001	sp+15	4	10	60
202050	73000001	sp+15	5	10	75
202050	73000001	sp+15	10	10	150
202050	74000001	sp+20	1	10	100
202050	74000001	sp+20	2	10	200
202050	74000001	sp+20	3	10	300
202050	74000001	sp+20	4	10	400
202050	74000001	sp+20	5	10	500
202050	74000001	sp+20	10	10	1000
202050	75000001	sp+25	1	10	200
202050	75000001	sp+25	2	10	400
202050	75000001	sp+25	3	10	600
202050	75000001	sp+25	4	10	800
202050	75000001	sp+25	5	10	1000
202050	75000001	sp+25	10	10	2000
202050	86001018	原石	2	10	30
202050	86001018	原石	3	10	45
202050	86001018	原石	4	10	60
202050	86001018	原石	5	10	75
202050	86001018	原石	10	10	150
203001	60000001	暗夜猫眼石	1	10	2
203001	60000002	骷髅骨灰	1	10	2
203001	60000003	秘银碎屑	1	10	2
203001	60000004	冰霜残迹	1	10	2
203001	60000005	骷髅法师的手骨	1	10	2
203001	60000006	腐骨羊的骨椎	1	10	2
203001	60000001	暗夜猫眼石	3	10	6
203001	60000002	骷髅骨灰	3	10	6
203001	60000003	秘银碎屑	3	10	6
203001	60000004	冰霜残迹	3	10	6
203001	60000005	骷髅法师的手骨	3	10	6
203001	60000006	腐骨羊的骨椎	3	10	6
203001	60000001	暗夜猫眼石	5	10	10
203001	60000002	骷髅骨灰	5	10	10
203001	60000003	秘银碎屑	5	10	10
203001	60000004	冰霜残迹	5	10	10
203001	60000005	骷髅法师的手骨	5	10	10
203001	60000006	腐骨羊的骨椎	5	10	10
203001	60000001	暗夜猫眼石	10	10	20
203001	60000002	骷髅骨灰	10	10	20
203001	60000003	秘银碎屑	10	10	20
203001	60000004	冰霜残迹	10	10	20
203001	60000005	骷髅法师的手骨	10	10	20
203001	60000006	腐骨羊的骨椎	10	10	20
203001	60000001	暗夜猫眼石	15	10	30
203001	60000002	骷髅骨灰	15	10	30
203001	60000003	秘银碎屑	15	10	30
203001	60000004	冰霜残迹	15	10	30
203001	60000005	骷髅法师的手骨	15	10	30
203001	60000006	腐骨羊的骨椎	15	10	30
203001	60000001	暗夜猫眼石	20	10	40
203001	60000002	骷髅骨灰	20	10	40
203001	60000003	秘银碎屑	20	10	40
203001	60000004	冰霜残迹	20	10	40
203001	60000005	骷髅法师的手骨	20	10	40
203001	60000006	腐骨羊的骨椎	20	10	40
203020	60000001	暗夜猫眼石	1	10	2
203020	60000002	骷髅骨灰	1	10	2
203020	60000003	秘银碎屑	1	10	2
203020	60000004	冰霜残迹	1	10	2
203020	60000005	骷髅法师的手骨	1	10	2
203020	60000006	腐骨羊的骨椎	1	10	2
203020	60000001	暗夜猫眼石	3	10	6
203020	60000002	骷髅骨灰	3	10	6
203020	60000003	秘银碎屑	3	10	6
203020	60000004	冰霜残迹	3	10	6
203020	60000005	骷髅法师的手骨	3	10	6
203020	60000006	腐骨羊的骨椎	3	10	6
203020	60000001	暗夜猫眼石	5	10	10
203020	60000002	骷髅骨灰	5	10	10
203020	60000003	秘银碎屑	5	10	10
203020	60000004	冰霜残迹	5	10	10
203020	60000005	骷髅法师的手骨	5	10	10
203020	60000006	腐骨羊的骨椎	5	10	10
203020	60000001	暗夜猫眼石	10	10	20
203020	60000002	骷髅骨灰	10	10	20
203020	60000003	秘银碎屑	10	10	20
203020	60000004	冰霜残迹	10	10	20
203020	60000005	骷髅法师的手骨	10	10	20
203020	60000006	腐骨羊的骨椎	10	10	20
203020	60000001	暗夜猫眼石	15	10	30
203020	60000002	骷髅骨灰	15	10	30
203020	60000003	秘银碎屑	15	10	30
203020	60000004	冰霜残迹	15	10	30
203020	60000005	骷髅法师的手骨	15	10	30
203020	60000006	腐骨羊的骨椎	15	10	30
203020	60000001	暗夜猫眼石	20	10	40
203020	60000002	骷髅骨灰	20	10	40
203020	60000003	秘银碎屑	20	10	40
203020	60000004	冰霜残迹	20	10	40
203020	60000005	骷髅法师的手骨	20	10	40
203020	60000006	腐骨羊的骨椎	20	10	40
203020	61000001	白巫女泪痕	1	10	5
203020	61000002	赤蝎尾针	1	10	5
203020	61000003	猩红毒针	1	10	5
203020	61000004	赤影元素	1	10	5
203020	61000005	磨砂石	1	10	5
203020	61000006	沙蚕丝	1	10	5
203020	61000007	琥珀晶石	1	10	5
203020	61000008	烈焰石	1	10	5
203020	61000001	白巫女泪痕	3	10	15
203020	61000002	赤蝎尾针	3	10	15
203020	61000003	猩红毒针	3	10	15
203020	61000004	赤影元素	3	10	15
203020	61000005	磨砂石	3	10	15
203020	61000006	沙蚕丝	3	10	15
203020	61000007	琥珀晶石	3	10	15
203020	61000008	烈焰石	3	10	15
203020	61000001	白巫女泪痕	5	10	25
203020	61000002	赤蝎尾针	5	10	25
203020	61000003	猩红毒针	5	10	25
203020	61000004	赤影元素	5	10	25
203020	61000005	磨砂石	5	10	25
203020	61000006	沙蚕丝	5	10	25
203020	61000007	琥珀晶石	5	10	25
203020	61000008	烈焰石	5	10	25
203020	61000001	白巫女泪痕	10	10	50
203020	61000002	赤蝎尾针	10	10	50
203020	61000003	猩红毒针	10	10	50
203020	61000004	赤影元素	10	10	50
203020	61000005	磨砂石	10	10	50
203020	61000006	沙蚕丝	10	10	50
203020	61000007	琥珀晶石	10	10	50
203020	61000008	烈焰石	10	10	50
203020	61000001	白巫女泪痕	15	10	75
203020	61000002	赤蝎尾针	15	10	75
203020	61000003	猩红毒针	15	10	75
203020	61000004	赤影元素	15	10	75
203020	61000005	磨砂石	15	10	75
203020	61000006	沙蚕丝	15	10	75
203020	61000007	琥珀晶石	15	10	75
203020	61000008	烈焰石	15	10	75
203020	61000001	白巫女泪痕	20	10	100
203020	61000002	赤蝎尾针	20	10	100
203020	61000003	猩红毒针	20	10	100
203020	61000004	赤影元素	20	10	100
203020	61000005	磨砂石	20	10	100
203020	61000006	沙蚕丝	20	10	100
203020	61000007	琥珀晶石	20	10	100
203020	61000008	烈焰石	20	10	100
203030	60000001	暗夜猫眼石	1	10	2
203030	60000002	骷髅骨灰	1	10	2
203030	60000003	秘银碎屑	1	10	2
203030	60000004	冰霜残迹	1	10	2
203030	60000005	骷髅法师的手骨	1	10	2
203030	60000006	腐骨羊的骨椎	1	10	2
203030	60000001	暗夜猫眼石	3	10	6
203030	60000002	骷髅骨灰	3	10	6
203030	60000003	秘银碎屑	3	10	6
203030	60000004	冰霜残迹	3	10	6
203030	60000005	骷髅法师的手骨	3	10	6
203030	60000006	腐骨羊的骨椎	3	10	6
203030	60000001	暗夜猫眼石	5	10	10
203030	60000002	骷髅骨灰	5	10	10
203030	60000003	秘银碎屑	5	10	10
203030	60000004	冰霜残迹	5	10	10
203030	60000005	骷髅法师的手骨	5	10	10
203030	60000006	腐骨羊的骨椎	5	10	10
203030	60000001	暗夜猫眼石	10	10	20
203030	60000002	骷髅骨灰	10	10	20
203030	60000003	秘银碎屑	10	10	20
203030	60000004	冰霜残迹	10	10	20
203030	60000005	骷髅法师的手骨	10	10	20
203030	60000006	腐骨羊的骨椎	10	10	20
203030	60000001	暗夜猫眼石	15	10	30
203030	60000002	骷髅骨灰	15	10	30
203030	60000003	秘银碎屑	15	10	30
203030	60000004	冰霜残迹	15	10	30
203030	60000005	骷髅法师的手骨	15	10	30
203030	60000006	腐骨羊的骨椎	15	10	30
203030	60000001	暗夜猫眼石	20	10	40
203030	60000002	骷髅骨灰	20	10	40
203030	60000003	秘银碎屑	20	10	40
203030	60000004	冰霜残迹	20	10	40
203030	60000005	骷髅法师的手骨	20	10	40
203030	60000006	腐骨羊的骨椎	20	10	40
203030	61000001	白巫女泪痕	1	10	5
203030	61000002	赤蝎尾针	1	10	5
203030	61000003	猩红毒针	1	10	5
203030	61000004	赤影元素	1	10	5
203030	61000005	磨砂石	1	10	5
203030	61000006	沙蚕丝	1	10	5
203030	61000007	琥珀晶石	1	10	5
203030	61000008	烈焰石	1	10	5
203030	61000001	白巫女泪痕	3	10	15
203030	61000002	赤蝎尾针	3	10	15
203030	61000003	猩红毒针	3	10	15
203030	61000004	赤影元素	3	10	15
203030	61000005	磨砂石	3	10	15
203030	61000006	沙蚕丝	3	10	15
203030	61000007	琥珀晶石	3	10	15
203030	61000008	烈焰石	3	10	15
203030	61000001	白巫女泪痕	5	10	25
203030	61000002	赤蝎尾针	5	10	25
203030	61000003	猩红毒针	5	10	25
203030	61000004	赤影元素	5	10	25
203030	61000005	磨砂石	5	10	25
203030	61000006	沙蚕丝	5	10	25
203030	61000007	琥珀晶石	5	10	25
203030	61000008	烈焰石	5	10	25
203030	61000001	白巫女泪痕	10	10	50
203030	61000002	赤蝎尾针	10	10	50
203030	61000003	猩红毒针	10	10	50
203030	61000004	赤影元素	10	10	50
203030	61000005	磨砂石	10	10	50
203030	61000006	沙蚕丝	10	10	50
203030	61000007	琥珀晶石	10	10	50
203030	61000008	烈焰石	10	10	50
203030	61000001	白巫女泪痕	15	10	75
203030	61000002	赤蝎尾针	15	10	75
203030	61000003	猩红毒针	15	10	75
203030	61000004	赤影元素	15	10	75
203030	61000005	磨砂石	15	10	75
203030	61000006	沙蚕丝	15	10	75
203030	61000007	琥珀晶石	15	10	75
203030	61000008	烈焰石	15	10	75
203030	61000001	白巫女泪痕	20	10	100
203030	61000002	赤蝎尾针	20	10	100
203030	61000003	猩红毒针	20	10	100
203030	61000004	赤影元素	20	10	100
203030	61000005	磨砂石	20	10	100
203030	61000006	沙蚕丝	20	10	100
203030	61000007	琥珀晶石	20	10	100
203030	61000008	烈焰石	20	10	100
203030	62000001	火精华	1	10	15
203030	62000002	魔法师印章	1	10	15
203030	62000003	魔法溶解剂	1	10	15
203030	62000004	蓝白晶	1	10	15
203030	62000005	岩之气息	1	10	15
203030	62000006	岩之精魄	1	10	15
203030	62000007	流地徽章	1	10	15
203030	62000008	剔髓龙脊	1	10	15
203030	62000009	浪人的勇气	1	10	15
203030	62000010	术愿之心	1	10	15
203030	62000001	火精华	3	10	45
203030	62000002	魔法师印章	3	10	45
203030	62000003	魔法溶解剂	3	10	45
203030	62000004	蓝白晶	3	10	45
203030	62000005	岩之气息	3	10	45
203030	62000006	岩之精魄	3	10	45
203030	62000007	流地徽章	3	10	45
203030	62000008	剔髓龙脊	3	10	45
203030	62000009	浪人的勇气	3	10	45
203030	62000010	术愿之心	3	10	45
203030	62000001	火精华	5	10	75
203030	62000002	魔法师印章	5	10	75
203030	62000003	魔法溶解剂	5	10	75
203030	62000004	蓝白晶	5	10	75
203030	62000005	岩之气息	5	10	75
203030	62000006	岩之精魄	5	10	75
203030	62000007	流地徽章	5	10	75
203030	62000008	剔髓龙脊	5	10	75
203030	62000009	浪人的勇气	5	10	75
203030	62000010	术愿之心	5	10	75
203030	62000001	火精华	10	10	150
203030	62000002	魔法师印章	10	10	150
203030	62000003	魔法溶解剂	10	10	150
203030	62000004	蓝白晶	10	10	150
203030	62000005	岩之气息	10	10	150
203030	62000006	岩之精魄	10	10	150
203030	62000007	流地徽章	10	10	150
203030	62000008	剔髓龙脊	10	10	150
203030	62000009	浪人的勇气	10	10	150
203030	62000010	术愿之心	10	10	150
203030	62000001	火精华	15	10	225
203030	62000002	魔法师印章	15	10	225
203030	62000003	魔法溶解剂	15	10	225
203030	62000004	蓝白晶	15	10	225
203030	62000005	岩之气息	15	10	225
203030	62000006	岩之精魄	15	10	225
203030	62000007	流地徽章	15	10	225
203030	62000008	剔髓龙脊	15	10	225
203030	62000009	浪人的勇气	15	10	225
203030	62000010	术愿之心	15	10	225
203030	62000001	火精华	20	10	300
203030	62000002	魔法师印章	20	10	300
203030	62000003	魔法溶解剂	20	10	300
203030	62000004	蓝白晶	20	10	300
203030	62000005	岩之气息	20	10	300
203030	62000006	岩之精魄	20	10	300
203030	62000007	流地徽章	20	10	300
203030	62000008	剔髓龙脊	20	10	300
203030	62000009	浪人的勇气	20	10	300
203030	62000010	术愿之心	20	10	300
203050	60000001	暗夜猫眼石	1	10	2
203050	60000002	骷髅骨灰	1	10	2
203050	60000003	秘银碎屑	1	10	2
203050	60000004	冰霜残迹	1	10	2
203050	60000005	骷髅法师的手骨	1	10	2
203050	60000006	腐骨羊的骨椎	1	10	2
203050	60000001	暗夜猫眼石	3	10	6
203050	60000002	骷髅骨灰	3	10	6
203050	60000003	秘银碎屑	3	10	6
203050	60000004	冰霜残迹	3	10	6
203050	60000005	骷髅法师的手骨	3	10	6
203050	60000006	腐骨羊的骨椎	3	10	6
203050	60000001	暗夜猫眼石	5	10	10
203050	60000002	骷髅骨灰	5	10	10
203050	60000003	秘银碎屑	5	10	10
203050	60000004	冰霜残迹	5	10	10
203050	60000005	骷髅法师的手骨	5	10	10
203050	60000006	腐骨羊的骨椎	5	10	10
203050	60000001	暗夜猫眼石	10	10	20
203050	60000002	骷髅骨灰	10	10	20
203050	60000003	秘银碎屑	10	10	20
203050	60000004	冰霜残迹	10	10	20
203050	60000005	骷髅法师的手骨	10	10	20
203050	60000006	腐骨羊的骨椎	10	10	20
203050	60000001	暗夜猫眼石	15	10	30
203050	60000002	骷髅骨灰	15	10	30
203050	60000003	秘银碎屑	15	10	30
203050	60000004	冰霜残迹	15	10	30
203050	60000005	骷髅法师的手骨	15	10	30
203050	60000006	腐骨羊的骨椎	15	10	30
203050	60000001	暗夜猫眼石	20	10	40
203050	60000002	骷髅骨灰	20	10	40
203050	60000003	秘银碎屑	20	10	40
203050	60000004	冰霜残迹	20	10	40
203050	60000005	骷髅法师的手骨	20	10	40
203050	60000006	腐骨羊的骨椎	20	10	40
203050	61000001	白巫女泪痕	1	10	5
203050	61000002	赤蝎尾针	1	10	5
203050	61000003	猩红毒针	1	10	5
203050	61000004	赤影元素	1	10	5
203050	61000005	磨砂石	1	10	5
203050	61000006	沙蚕丝	1	10	5
203050	61000007	琥珀晶石	1	10	5
203050	61000008	烈焰石	1	10	5
203050	61000001	白巫女泪痕	3	10	15
203050	61000002	赤蝎尾针	3	10	15
203050	61000003	猩红毒针	3	10	15
203050	61000004	赤影元素	3	10	15
203050	61000005	磨砂石	3	10	15
203050	61000006	沙蚕丝	3	10	15
203050	61000007	琥珀晶石	3	10	15
203050	61000008	烈焰石	3	10	15
203050	61000001	白巫女泪痕	5	10	25
203050	61000002	赤蝎尾针	5	10	25
203050	61000003	猩红毒针	5	10	25
203050	61000004	赤影元素	5	10	25
203050	61000005	磨砂石	5	10	25
203050	61000006	沙蚕丝	5	10	25
203050	61000007	琥珀晶石	5	10	25
203050	61000008	烈焰石	5	10	25
203050	61000001	白巫女泪痕	10	10	50
203050	61000002	赤蝎尾针	10	10	50
203050	61000003	猩红毒针	10	10	50
203050	61000004	赤影元素	10	10	50
203050	61000005	磨砂石	10	10	50
203050	61000006	沙蚕丝	10	10	50
203050	61000007	琥珀晶石	10	10	50
203050	61000008	烈焰石	10	10	50
203050	61000001	白巫女泪痕	15	10	75
203050	61000002	赤蝎尾针	15	10	75
203050	61000003	猩红毒针	15	10	75
203050	61000004	赤影元素	15	10	75
203050	61000005	磨砂石	15	10	75
203050	61000006	沙蚕丝	15	10	75
203050	61000007	琥珀晶石	15	10	75
203050	61000008	烈焰石	15	10	75
203050	61000001	白巫女泪痕	20	10	100
203050	61000002	赤蝎尾针	20	10	100
203050	61000003	猩红毒针	20	10	100
203050	61000004	赤影元素	20	10	100
203050	61000005	磨砂石	20	10	100
203050	61000006	沙蚕丝	20	10	100
203050	61000007	琥珀晶石	20	10	100
203050	61000008	烈焰石	20	10	100
203050	62000001	火精华	1	10	15
203050	62000002	魔法师印章	1	10	15
203050	62000003	魔法溶解剂	1	10	15
203050	62000004	蓝白晶	1	10	15
203050	62000005	岩之气息	1	10	15
203050	62000006	岩之精魄	1	10	15
203050	62000007	流地徽章	1	10	15
203050	62000008	剔髓龙脊	1	10	15
203050	62000009	浪人的勇气	1	10	15
203050	62000010	术愿之心	1	10	15
203050	62000001	火精华	3	10	45
203050	62000002	魔法师印章	3	10	45
203050	62000003	魔法溶解剂	3	10	45
203050	62000004	蓝白晶	3	10	45
203050	62000005	岩之气息	3	10	45
203050	62000006	岩之精魄	3	10	45
203050	62000007	流地徽章	3	10	45
203050	62000008	剔髓龙脊	3	10	45
203050	62000009	浪人的勇气	3	10	45
203050	62000010	术愿之心	3	10	45
203050	62000001	火精华	5	10	75
203050	62000002	魔法师印章	5	10	75
203050	62000003	魔法溶解剂	5	10	75
203050	62000004	蓝白晶	5	10	75
203050	62000005	岩之气息	5	10	75
203050	62000006	岩之精魄	5	10	75
203050	62000007	流地徽章	5	10	75
203050	62000008	剔髓龙脊	5	10	75
203050	62000009	浪人的勇气	5	10	75
203050	62000010	术愿之心	5	10	75
203050	62000001	火精华	10	10	150
203050	62000002	魔法师印章	10	10	150
203050	62000003	魔法溶解剂	10	10	150
203050	62000004	蓝白晶	10	10	150
203050	62000005	岩之气息	10	10	150
203050	62000006	岩之精魄	10	10	150
203050	62000007	流地徽章	10	10	150
203050	62000008	剔髓龙脊	10	10	150
203050	62000009	浪人的勇气	10	10	150
203050	62000010	术愿之心	10	10	150
203050	62000001	火精华	15	10	225
203050	62000002	魔法师印章	15	10	225
203050	62000003	魔法溶解剂	15	10	225
203050	62000004	蓝白晶	15	10	225
203050	62000005	岩之气息	15	10	225
203050	62000006	岩之精魄	15	10	225
203050	62000007	流地徽章	15	10	225
203050	62000008	剔髓龙脊	15	10	225
203050	62000009	浪人的勇气	15	10	225
203050	62000010	术愿之心	15	10	225
203050	62000001	火精华	20	10	300
203050	62000002	魔法师印章	20	10	300
203050	62000003	魔法溶解剂	20	10	300
203050	62000004	蓝白晶	20	10	300
203050	62000005	岩之气息	20	10	300
203050	62000006	岩之精魄	20	10	300
203050	62000007	流地徽章	20	10	300
203050	62000008	剔髓龙脊	20	10	300
203050	62000009	浪人的勇气	20	10	300
203050	62000010	术愿之心	20	10	300
203050	64000001	红袍碎片	1	10	50
203050	64000002	时之沙	1	10	50
203050	64000003	寒冰石	1	10	50
203050	64000004	落日岩浆	1	10	50
203050	64000005	水晶矿脉	1	10	50
203050	64000006	有毒泥浆	1	10	50
203050	64000007	海洋珍珠	1	10	50
203050	64000008	龙骨碎片	1	10	50
203050	64000009	刀锋碎片	1	10	50
203050	64000010	戈壁石	1	10	50
203050	64000011	燃烧心脏	1	10	50
203050	64000012	龙人鳞片	1	10	50
203050	64000001	红袍碎片	3	10	150
203050	64000002	时之沙	3	10	150
203050	64000003	寒冰石	3	10	150
203050	64000004	落日岩浆	3	10	150
203050	64000005	水晶矿脉	3	10	150
203050	64000006	有毒泥浆	3	10	150
203050	64000007	海洋珍珠	3	10	150
203050	64000008	龙骨碎片	3	10	150
203050	64000009	刀锋碎片	3	10	150
203050	64000010	戈壁石	3	10	150
203050	64000011	燃烧心脏	3	10	150
203050	64000012	龙人鳞片	3	10	150
203050	64000001	红袍碎片	5	10	250
203050	64000002	时之沙	5	10	250
203050	64000003	寒冰石	5	10	250
203050	64000004	落日岩浆	5	10	250
203050	64000005	水晶矿脉	5	10	250
203050	64000006	有毒泥浆	5	10	250
203050	64000007	海洋珍珠	5	10	250
203050	64000008	龙骨碎片	5	10	250
203050	64000009	刀锋碎片	5	10	250
203050	64000010	戈壁石	5	10	250
203050	64000011	燃烧心脏	5	10	250
203050	64000012	龙人鳞片	5	10	250
203050	64000001	红袍碎片	10	10	500
203050	64000002	时之沙	10	10	500
203050	64000003	寒冰石	10	10	500
203050	64000004	落日岩浆	10	10	500
203050	64000005	水晶矿脉	10	10	500
203050	64000006	有毒泥浆	10	10	500
203050	64000007	海洋珍珠	10	10	500
203050	64000008	龙骨碎片	10	10	500
203050	64000009	刀锋碎片	10	10	500
203050	64000010	戈壁石	10	10	500
203050	64000011	燃烧心脏	10	10	500
203050	64000012	龙人鳞片	10	10	500
203050	64000001	红袍碎片	15	10	750
203050	64000002	时之沙	15	10	750
203050	64000003	寒冰石	15	10	750
203050	64000004	落日岩浆	15	10	750
203050	64000005	水晶矿脉	15	10	750
203050	64000006	有毒泥浆	15	10	750
203050	64000007	海洋珍珠	15	10	750
203050	64000008	龙骨碎片	15	10	750
203050	64000009	刀锋碎片	15	10	750
203050	64000010	戈壁石	15	10	750
203050	64000011	燃烧心脏	15	10	750
203050	64000012	龙人鳞片	15	10	750
203050	64000001	红袍碎片	20	10	1000
203050	64000002	时之沙	20	10	1000
203050	64000003	寒冰石	20	10	1000
203050	64000004	落日岩浆	20	10	1000
203050	64000005	水晶矿脉	20	10	1000
203050	64000006	有毒泥浆	20	10	1000
203050	64000007	海洋珍珠	20	10	1000
203050	64000008	龙骨碎片	20	10	1000
203050	64000009	刀锋碎片	20	10	1000
203050	64000010	戈壁石	20	10	1000
203050	64000011	燃烧心脏	20	10	1000
203050	64000012	龙人鳞片	20	10	1000
203085	60000001	暗夜猫眼石	1	10	2
203085	60000002	骷髅骨灰	1	10	2
203085	60000003	秘银碎屑	1	10	2
203085	60000004	冰霜残迹	1	10	2
203085	60000005	骷髅法师的手骨	1	10	2
203085	60000006	腐骨羊的骨椎	1	10	2
203085	60000001	暗夜猫眼石	3	10	6
203085	60000002	骷髅骨灰	3	10	6
203085	60000003	秘银碎屑	3	10	6
203085	60000004	冰霜残迹	3	10	6
203085	60000005	骷髅法师的手骨	3	10	6
203085	60000006	腐骨羊的骨椎	3	10	6
203085	60000001	暗夜猫眼石	5	10	10
203085	60000002	骷髅骨灰	5	10	10
203085	60000003	秘银碎屑	5	10	10
203085	60000004	冰霜残迹	5	10	10
203085	60000005	骷髅法师的手骨	5	10	10
203085	60000006	腐骨羊的骨椎	5	10	10
203085	60000001	暗夜猫眼石	10	10	20
203085	60000002	骷髅骨灰	10	10	20
203085	60000003	秘银碎屑	10	10	20
203085	60000004	冰霜残迹	10	10	20
203085	60000005	骷髅法师的手骨	10	10	20
203085	60000006	腐骨羊的骨椎	10	10	20
203085	60000001	暗夜猫眼石	15	10	30
203085	60000002	骷髅骨灰	15	10	30
203085	60000003	秘银碎屑	15	10	30
203085	60000004	冰霜残迹	15	10	30
203085	60000005	骷髅法师的手骨	15	10	30
203085	60000006	腐骨羊的骨椎	15	10	30
203085	60000001	暗夜猫眼石	20	10	40
203085	60000002	骷髅骨灰	20	10	40
203085	60000003	秘银碎屑	20	10	40
203085	60000004	冰霜残迹	20	10	40
203085	60000005	骷髅法师的手骨	20	10	40
203085	60000006	腐骨羊的骨椎	20	10	40
203085	61000001	白巫女泪痕	1	10	5
203085	61000002	赤蝎尾针	1	10	5
203085	61000003	猩红毒针	1	10	5
203085	61000004	赤影元素	1	10	5
203085	61000005	磨砂石	1	10	5
203085	61000006	沙蚕丝	1	10	5
203085	61000007	琥珀晶石	1	10	5
203085	61000008	烈焰石	1	10	5
203085	61000001	白巫女泪痕	3	10	15
203085	61000002	赤蝎尾针	3	10	15
203085	61000003	猩红毒针	3	10	15
203085	61000004	赤影元素	3	10	15
203085	61000005	磨砂石	3	10	15
203085	61000006	沙蚕丝	3	10	15
203085	61000007	琥珀晶石	3	10	15
203085	61000008	烈焰石	3	10	15
203085	61000001	白巫女泪痕	5	10	25
203085	61000002	赤蝎尾针	5	10	25
203085	61000003	猩红毒针	5	10	25
203085	61000004	赤影元素	5	10	25
203085	61000005	磨砂石	5	10	25
203085	61000006	沙蚕丝	5	10	25
203085	61000007	琥珀晶石	5	10	25
203085	61000008	烈焰石	5	10	25
203085	61000001	白巫女泪痕	10	10	50
203085	61000002	赤蝎尾针	10	10	50
203085	61000003	猩红毒针	10	10	50
203085	61000004	赤影元素	10	10	50
203085	61000005	磨砂石	10	10	50
203085	61000006	沙蚕丝	10	10	50
203085	61000007	琥珀晶石	10	10	50
203085	61000008	烈焰石	10	10	50
203085	61000001	白巫女泪痕	15	10	75
203085	61000002	赤蝎尾针	15	10	75
203085	61000003	猩红毒针	15	10	75
203085	61000004	赤影元素	15	10	75
203085	61000005	磨砂石	15	10	75
203085	61000006	沙蚕丝	15	10	75
203085	61000007	琥珀晶石	15	10	75
203085	61000008	烈焰石	15	10	75
203085	61000001	白巫女泪痕	20	10	100
203085	61000002	赤蝎尾针	20	10	100
203085	61000003	猩红毒针	20	10	100
203085	61000004	赤影元素	20	10	100
203085	61000005	磨砂石	20	10	100
203085	61000006	沙蚕丝	20	10	100
203085	61000007	琥珀晶石	20	10	100
203085	61000008	烈焰石	20	10	100
203085	62000001	火精华	1	10	15
203085	62000002	魔法师印章	1	10	15
203085	62000003	魔法溶解剂	1	10	15
203085	62000004	蓝白晶	1	10	15
203085	62000005	岩之气息	1	10	15
203085	62000006	岩之精魄	1	10	15
203085	62000007	流地徽章	1	10	15
203085	62000008	剔髓龙脊	1	10	15
203085	62000009	浪人的勇气	1	10	15
203085	62000010	术愿之心	1	10	15
203085	62000001	火精华	3	10	45
203085	62000002	魔法师印章	3	10	45
203085	62000003	魔法溶解剂	3	10	45
203085	62000004	蓝白晶	3	10	45
203085	62000005	岩之气息	3	10	45
203085	62000006	岩之精魄	3	10	45
203085	62000007	流地徽章	3	10	45
203085	62000008	剔髓龙脊	3	10	45
203085	62000009	浪人的勇气	3	10	45
203085	62000010	术愿之心	3	10	45
203085	62000001	火精华	5	10	75
203085	62000002	魔法师印章	5	10	75
203085	62000003	魔法溶解剂	5	10	75
203085	62000004	蓝白晶	5	10	75
203085	62000005	岩之气息	5	10	75
203085	62000006	岩之精魄	5	10	75
203085	62000007	流地徽章	5	10	75
203085	62000008	剔髓龙脊	5	10	75
203085	62000009	浪人的勇气	5	10	75
203085	62000010	术愿之心	5	10	75
203085	62000001	火精华	10	10	150
203085	62000002	魔法师印章	10	10	150
203085	62000003	魔法溶解剂	10	10	150
203085	62000004	蓝白晶	10	10	150
203085	62000005	岩之气息	10	10	150
203085	62000006	岩之精魄	10	10	150
203085	62000007	流地徽章	10	10	150
203085	62000008	剔髓龙脊	10	10	150
203085	62000009	浪人的勇气	10	10	150
203085	62000010	术愿之心	10	10	150
203085	62000001	火精华	15	10	225
203085	62000002	魔法师印章	15	10	225
203085	62000003	魔法溶解剂	15	10	225
203085	62000004	蓝白晶	15	10	225
203085	62000005	岩之气息	15	10	225
203085	62000006	岩之精魄	15	10	225
203085	62000007	流地徽章	15	10	225
203085	62000008	剔髓龙脊	15	10	225
203085	62000009	浪人的勇气	15	10	225
203085	62000010	术愿之心	15	10	225
203085	62000001	火精华	20	10	300
203085	62000002	魔法师印章	20	10	300
203085	62000003	魔法溶解剂	20	10	300
203085	62000004	蓝白晶	20	10	300
203085	62000005	岩之气息	20	10	300
203085	62000006	岩之精魄	20	10	300
203085	62000007	流地徽章	20	10	300
203085	62000008	剔髓龙脊	20	10	300
203085	62000009	浪人的勇气	20	10	300
203085	62000010	术愿之心	20	10	300
203085	64000001	红袍碎片	1	10	50
203085	64000002	时之沙	1	10	50
203085	64000003	寒冰石	1	10	50
203085	64000004	落日岩浆	1	10	50
203085	64000005	水晶矿脉	1	10	50
203085	64000006	有毒泥浆	1	10	50
203085	64000007	海洋珍珠	1	10	50
203085	64000008	龙骨碎片	1	10	50
203085	64000009	刀锋碎片	1	10	50
203085	64000010	戈壁石	1	10	50
203085	64000011	燃烧心脏	1	10	50
203085	64000012	龙人鳞片	1	10	50
203085	64000001	红袍碎片	3	10	150
203085	64000002	时之沙	3	10	150
203085	64000003	寒冰石	3	10	150
203085	64000004	落日岩浆	3	10	150
203085	64000005	水晶矿脉	3	10	150
203085	64000006	有毒泥浆	3	10	150
203085	64000007	海洋珍珠	3	10	150
203085	64000008	龙骨碎片	3	10	150
203085	64000009	刀锋碎片	3	10	150
203085	64000010	戈壁石	3	10	150
203085	64000011	燃烧心脏	3	10	150
203085	64000012	龙人鳞片	3	10	150
203085	64000001	红袍碎片	5	10	250
203085	64000002	时之沙	5	10	250
203085	64000003	寒冰石	5	10	250
203085	64000004	落日岩浆	5	10	250
203085	64000005	水晶矿脉	5	10	250
203085	64000006	有毒泥浆	5	10	250
203085	64000007	海洋珍珠	5	10	250
203085	64000008	龙骨碎片	5	10	250
203085	64000009	刀锋碎片	5	10	250
203085	64000010	戈壁石	5	10	250
203085	64000011	燃烧心脏	5	10	250
203085	64000012	龙人鳞片	5	10	250
203085	64000001	红袍碎片	10	10	500
203085	64000002	时之沙	10	10	500
203085	64000003	寒冰石	10	10	500
203085	64000004	落日岩浆	10	10	500
203085	64000005	水晶矿脉	10	10	500
203085	64000006	有毒泥浆	10	10	500
203085	64000007	海洋珍珠	10	10	500
203085	64000008	龙骨碎片	10	10	500
203085	64000009	刀锋碎片	10	10	500
203085	64000010	戈壁石	10	10	500
203085	64000011	燃烧心脏	10	10	500
203085	64000012	龙人鳞片	10	10	500
203085	64000001	红袍碎片	15	10	750
203085	64000002	时之沙	15	10	750
203085	64000003	寒冰石	15	10	750
203085	64000004	落日岩浆	15	10	750
203085	64000005	水晶矿脉	15	10	750
203085	64000006	有毒泥浆	15	10	750
203085	64000007	海洋珍珠	15	10	750
203085	64000008	龙骨碎片	15	10	750
203085	64000009	刀锋碎片	15	10	750
203085	64000010	戈壁石	15	10	750
203085	64000011	燃烧心脏	15	10	750
203085	64000012	龙人鳞片	15	10	750
203085	64000001	红袍碎片	20	10	1000
203085	64000002	时之沙	20	10	1000
203085	64000003	寒冰石	20	10	1000
203085	64000004	落日岩浆	20	10	1000
203085	64000005	水晶矿脉	20	10	1000
203085	64000006	有毒泥浆	20	10	1000
203085	64000007	海洋珍珠	20	10	1000
203085	64000008	龙骨碎片	20	10	1000
203085	64000009	刀锋碎片	20	10	1000
203085	64000010	戈壁石	20	10	1000
203085	64000011	燃烧心脏	20	10	1000
203085	64000012	龙人鳞片	20	10	1000
203085	65000001	龙人之眼	1	10	100
203085	65000002	有毒药剂	1	10	100
203085	65000003	古董瓷器	1	10	100
203085	65000004	破损的墙砖	1	10	100
203085	65000005	世界之树碎片	1	10	100
203085	65000006	猎人的徽章	1	10	100
203085	65000007	鲛人丝绸	1	10	100
203085	65000008	金色嫩草	1	10	100
203085	65000009	海洋精魄	1	10	100
203085	65000010	精灵翅膀	1	10	100
203085	65000011	燃烧之血	1	10	100
203085	65000012	熊爪	1	10	100
203085	65000013	镇长钥匙	1	10	100
203085	65000014	盾牌残片	1	10	100
203085	65000001	龙人之眼	3	10	300
203085	65000002	有毒药剂	3	10	300
203085	65000003	古董瓷器	3	10	300
203085	65000004	破损的墙砖	3	10	300
203085	65000005	世界之树碎片	3	10	300
203085	65000006	猎人的徽章	3	10	300
203085	65000007	鲛人丝绸	3	10	300
203085	65000008	金色嫩草	3	10	300
203085	65000009	海洋精魄	3	10	300
203085	65000010	精灵翅膀	3	10	300
203085	65000011	燃烧之血	3	10	300
203085	65000012	熊爪	3	10	300
203085	65000013	镇长钥匙	3	10	300
203085	65000014	盾牌残片	3	10	300
203085	65000001	龙人之眼	5	10	500
203085	65000002	有毒药剂	5	10	500
203085	65000003	古董瓷器	5	10	500
203085	65000004	破损的墙砖	5	10	500
203085	65000005	世界之树碎片	5	10	500
203085	65000006	猎人的徽章	5	10	500
203085	65000007	鲛人丝绸	5	10	500
203085	65000008	金色嫩草	5	10	500
203085	65000009	海洋精魄	5	10	500
203085	65000010	精灵翅膀	5	10	500
203085	65000011	燃烧之血	5	10	500
203085	65000012	熊爪	5	10	500
203085	65000013	镇长钥匙	5	10	500
203085	65000014	盾牌残片	5	10	500
203085	65000001	龙人之眼	10	10	1000
203085	65000002	有毒药剂	10	10	1000
203085	65000003	古董瓷器	10	10	1000
203085	65000004	破损的墙砖	10	10	1000
203085	65000005	世界之树碎片	10	10	1000
203085	65000006	猎人的徽章	10	10	1000
203085	65000007	鲛人丝绸	10	10	1000
203085	65000008	金色嫩草	10	10	1000
203085	65000009	海洋精魄	10	10	1000
203085	65000010	精灵翅膀	10	10	1000
203085	65000011	燃烧之血	10	10	1000
203085	65000012	熊爪	10	10	1000
203085	65000013	镇长钥匙	10	10	1000
203085	65000014	盾牌残片	10	10	1000
203085	65000001	龙人之眼	15	10	1500
203085	65000002	有毒药剂	15	10	1500
203085	65000003	古董瓷器	15	10	1500
203085	65000004	破损的墙砖	15	10	1500
203085	65000005	世界之树碎片	15	10	1500
203085	65000006	猎人的徽章	15	10	1500
203085	65000007	鲛人丝绸	15	10	1500
203085	65000008	金色嫩草	15	10	1500
203085	65000009	海洋精魄	15	10	1500
203085	65000010	精灵翅膀	15	10	1500
203085	65000011	燃烧之血	15	10	1500
203085	65000012	熊爪	15	10	1500
203085	65000013	镇长钥匙	15	10	1500
203085	65000014	盾牌残片	15	10	1500
203085	65000001	龙人之眼	20	10	2000
203085	65000002	有毒药剂	20	10	2000
203085	65000003	古董瓷器	20	10	2000
203085	65000004	破损的墙砖	20	10	2000
203085	65000005	世界之树碎片	20	10	2000
203085	65000006	猎人的徽章	20	10	2000
203085	65000007	鲛人丝绸	20	10	2000
203085	65000008	金色嫩草	20	10	2000
203085	65000009	海洋精魄	20	10	2000
203085	65000010	精灵翅膀	20	10	2000
203085	65000011	燃烧之血	20	10	2000
203085	65000012	熊爪	20	10	2000
203085	65000013	镇长钥匙	20	10	2000
203085	65000014	盾牌残片	20	10	2000
204005	44002001	5级衣服	1	10	510
204005	44003001	5级头盔	1	10	510
204005	44004001	5级鞋子	1	10	510
204005	44005001	5级裤子	1	10	510
204005	44006101	5级项链	1	10	510
204005	44006501	5级戒指	1	10	510
204005	45002001	5级衣服	1	10	2984
204005	45003001	5级头盔	1	10	2984
204005	45004001	5级鞋子	1	10	2984
204005	45005001	5级裤子	1	10	2984
204005	45006101	5级项链	1	10	2984
204005	45006501	5级戒指	1	10	2984
204010	44002002	10级衣服	1	10	544
204010	44003002	10级头盔	1	10	544
204010	44004002	10级鞋子	1	10	544
204010	44005002	10级裤子	1	10	544
204010	44006102	10级项链	1	10	544
204010	44006502	10级戒指	1	10	544
204010	45002002	10级衣服	1	10	3179
204010	45003002	10级头盔	1	10	3179
204010	45004002	10级鞋子	1	10	3179
204010	45005002	10级裤子	1	10	3179
204010	45006102	10级项链	1	10	3179
204010	45006502	10级戒指	1	10	3179
204015	44002003	15级衣服	1	10	580
204015	44003003	15级头盔	1	10	580
204015	44004003	15级鞋子	1	10	580
204015	44005003	15级裤子	1	10	580
204015	44006103	15级项链	1	10	580
204015	44006503	15级戒指	1	10	580
204015	45002003	15级衣服	1	10	3375
204015	45003003	15级头盔	1	10	3375
204015	45004003	15级鞋子	1	10	3375
204015	45005003	15级裤子	1	10	3375
204015	45006103	15级项链	1	10	3375
204015	45006503	15级戒指	1	10	3375
204020	44002004	20级衣服	1	10	619
204020	44003004	20级头盔	1	10	619
204020	44004004	20级鞋子	1	10	619
204020	44005004	20级裤子	1	10	619
204020	44006104	20级项链	1	10	619
204020	44006504	20级戒指	1	10	619
204020	45002004	20级衣服	1	10	3575
204020	45003004	20级头盔	1	10	3575
204020	45004004	20级鞋子	1	10	3575
204020	45005004	20级裤子	1	10	3575
204020	45006104	20级项链	1	10	3575
204020	45006504	20级戒指	1	10	3575
204025	44006105	25级项链	1	10	662
204025	44006505	25级戒指	1	10	662
204025	44102005	25级剑客紫衣服	1	10	662
204025	44103005	25级剑客紫头盔	1	10	662
204025	44104005	25级剑客紫鞋子	1	10	662
204025	44105005	25级剑客紫裤子	1	10	662
204025	44202005	25级枪炮紫衣服	1	10	662
204025	44203005	25级枪炮紫头盔	1	10	662
204025	44204005	25级枪炮紫鞋子	1	10	662
204025	44205005	25级枪炮紫裤子	1	10	662
204025	44302005	25级拳师紫衣服	1	10	662
204025	44303005	25级拳师紫头盔	1	10	662
204025	44304005	25级拳师紫鞋子	1	10	662
204025	44305005	25级拳师紫裤子	1	10	662
204025	44402005	25级法师紫衣服	1	10	662
204025	44403005	25级法师紫头盔	1	10	662
204025	44404005	25级法师紫鞋子	1	10	662
204025	44405005	25级法师紫裤子	1	10	662
204025	45006105	25级项链	1	10	3779
204025	45006505	25级戒指	1	10	3779
204025	45102005	25级剑客橙衣服	1	10	3779
204025	45103005	25级剑客橙头盔	1	10	3779
204025	45104005	25级剑客橙鞋子	1	10	3779
204025	45105005	25级剑客橙裤子	1	10	3779
204025	45202005	25级枪炮橙衣服	1	10	3779
204025	45203005	25级枪炮橙头盔	1	10	3779
204025	45204005	25级枪炮橙鞋子	1	10	3779
204025	45205005	25级枪炮橙裤子	1	10	3779
204025	45302005	25级拳师橙衣服	1	10	3779
204025	45303005	25级拳师橙头盔	1	10	3779
204025	45304005	25级拳师橙鞋子	1	10	3779
204025	45305005	25级拳师橙裤子	1	10	3779
204025	45402005	25级法师橙衣服	1	10	3779
204025	45403005	25级法师橙头盔	1	10	3779
204025	45404005	25级法师橙鞋子	1	10	3779
204025	45405005	25级法师橙裤子	1	10	3779
204030	44006106	30级项链	1	10	711
204030	44006506	30级戒指	1	10	711
204030	44102006	30级剑客紫衣服	1	10	711
204030	44103006	30级剑客紫头盔	1	10	711
204030	44104006	30级剑客紫鞋子	1	10	711
204030	44105006	30级剑客紫裤子	1	10	711
204030	44202006	30级枪炮紫衣服	1	10	711
204030	44203006	30级枪炮紫头盔	1	10	711
204030	44204006	30级枪炮紫鞋子	1	10	711
204030	44205006	30级枪炮紫裤子	1	10	711
204030	44302006	30级拳师紫衣服	1	10	711
204030	44303006	30级拳师紫头盔	1	10	711
204030	44304006	30级拳师紫鞋子	1	10	711
204030	44305006	30级拳师紫裤子	1	10	711
204030	44402006	30级法师紫衣服	1	10	711
204030	44403006	30级法师紫头盔	1	10	711
204030	44404006	30级法师紫鞋子	1	10	711
204030	44405006	30级法师紫裤子	1	10	711
204030	45006106	30级项链	1	10	3988
204030	45006506	30级戒指	1	10	3988
204030	45102006	30级剑客橙衣服	1	10	3988
204030	45103006	30级剑客橙头盔	1	10	3988
204030	45104006	30级剑客橙鞋子	1	10	3988
204030	45105006	30级剑客橙裤子	1	10	3988
204030	45202006	30级枪炮橙衣服	1	10	3988
204030	45203006	30级枪炮橙头盔	1	10	3988
204030	45204006	30级枪炮橙鞋子	1	10	3988
204030	45205006	30级枪炮橙裤子	1	10	3988
204030	45302006	30级拳师橙衣服	1	10	3988
204030	45303006	30级拳师橙头盔	1	10	3988
204030	45304006	30级拳师橙鞋子	1	10	3988
204030	45305006	30级拳师橙裤子	1	10	3988
204030	45402006	30级法师橙衣服	1	10	3988
204030	45403006	30级法师橙头盔	1	10	3988
204030	45404006	30级法师橙鞋子	1	10	3988
204030	45405006	30级法师橙裤子	1	10	3988
204035	44006107	35级项链	1	10	767
204035	44006507	35级戒指	1	10	767
204035	44102007	35级剑客紫衣服	1	10	767
204035	44103007	35级剑客紫头盔	1	10	767
204035	44104007	35级剑客紫鞋子	1	10	767
204035	44105007	35级剑客紫裤子	1	10	767
204035	44202007	35级枪炮紫衣服	1	10	767
204035	44203007	35级枪炮紫头盔	1	10	767
204035	44204007	35级枪炮紫鞋子	1	10	767
204035	44205007	35级枪炮紫裤子	1	10	767
204035	44302007	35级拳师紫衣服	1	10	767
204035	44303007	35级拳师紫头盔	1	10	767
204035	44304007	35级拳师紫鞋子	1	10	767
204035	44305007	35级拳师紫裤子	1	10	767
204035	44402007	35级法师紫衣服	1	10	767
204035	44403007	35级法师紫头盔	1	10	767
204035	44404007	35级法师紫鞋子	1	10	767
204035	44405007	35级法师紫裤子	1	10	767
204035	45006107	35级项链	1	10	4206
204035	45006507	35级戒指	1	10	4206
204035	45102007	35级剑客橙衣服	1	10	4206
204035	45103007	35级剑客橙头盔	1	10	4206
204035	45104007	35级剑客橙鞋子	1	10	4206
204035	45105007	35级剑客橙裤子	1	10	4206
204035	45202007	35级枪炮橙衣服	1	10	4206
204035	45203007	35级枪炮橙头盔	1	10	4206
204035	45204007	35级枪炮橙鞋子	1	10	4206
204035	45205007	35级枪炮橙裤子	1	10	4206
204035	45302007	35级拳师橙衣服	1	10	4206
204035	45303007	35级拳师橙头盔	1	10	4206
204035	45304007	35级拳师橙鞋子	1	10	4206
204035	45305007	35级拳师橙裤子	1	10	4206
204035	45402007	35级法师橙衣服	1	10	4206
204035	45403007	35级法师橙头盔	1	10	4206
204035	45404007	35级法师橙鞋子	1	10	4206
204035	45405007	35级法师橙裤子	1	10	4206
204040	44006108	40级项链	1	10	834
204040	44006508	40级戒指	1	10	834
204040	44102008	40级剑客紫衣服	1	10	834
204040	44103008	40级剑客紫头盔	1	10	834
204040	44104008	40级剑客紫鞋子	1	10	834
204040	44105008	40级剑客紫裤子	1	10	834
204040	44202008	40级枪炮紫衣服	1	10	834
204040	44203008	40级枪炮紫头盔	1	10	834
204040	44204008	40级枪炮紫鞋子	1	10	834
204040	44205008	40级枪炮紫裤子	1	10	834
204040	44302008	40级拳师紫衣服	1	10	834
204040	44303008	40级拳师紫头盔	1	10	834
204040	44304008	40级拳师紫鞋子	1	10	834
204040	44305008	40级拳师紫裤子	1	10	834
204040	44402008	40级法师紫衣服	1	10	834
204040	44403008	40级法师紫头盔	1	10	834
204040	44404008	40级法师紫鞋子	1	10	834
204040	44405008	40级法师紫裤子	1	10	834
204040	45006108	40级项链	1	10	4433
204040	45006508	40级戒指	1	10	4433
204040	45102008	40级剑客橙衣服	1	10	4433
204040	45103008	40级剑客橙头盔	1	10	4433
204040	45104008	40级剑客橙鞋子	1	10	4433
204040	45105008	40级剑客橙裤子	1	10	4433
204040	45202008	40级枪炮橙衣服	1	10	4433
204040	45203008	40级枪炮橙头盔	1	10	4433
204040	45204008	40级枪炮橙鞋子	1	10	4433
204040	45205008	40级枪炮橙裤子	1	10	4433
204040	45302008	40级拳师橙衣服	1	10	4433
204040	45303008	40级拳师橙头盔	1	10	4433
204040	45304008	40级拳师橙鞋子	1	10	4433
204040	45305008	40级拳师橙裤子	1	10	4433
204040	45402008	40级法师橙衣服	1	10	4433
204040	45403008	40级法师橙头盔	1	10	4433
204040	45404008	40级法师橙鞋子	1	10	4433
204040	45405008	40级法师橙裤子	1	10	4433
204045	44006109	45级项链	1	10	912
204045	44006509	45级戒指	1	10	912
204045	44102009	45级剑客紫衣服	1	10	912
204045	44103009	45级剑客紫头盔	1	10	912
204045	44104009	45级剑客紫鞋子	1	10	912
204045	44105009	45级剑客紫裤子	1	10	912
204045	44202009	45级枪炮紫衣服	1	10	912
204045	44203009	45级枪炮紫头盔	1	10	912
204045	44204009	45级枪炮紫鞋子	1	10	912
204045	44205009	45级枪炮紫裤子	1	10	912
204045	44302009	45级拳师紫衣服	1	10	912
204045	44303009	45级拳师紫头盔	1	10	912
204045	44304009	45级拳师紫鞋子	1	10	912
204045	44305009	45级拳师紫裤子	1	10	912
204045	44402009	45级法师紫衣服	1	10	912
204045	44403009	45级法师紫头盔	1	10	912
204045	44404009	45级法师紫鞋子	1	10	912
204045	44405009	45级法师紫裤子	1	10	912
204045	45006109	45级项链	1	10	4671
204045	45006509	45级戒指	1	10	4671
204045	45102009	45级剑客橙衣服	1	10	4671
204045	45103009	45级剑客橙头盔	1	10	4671
204045	45104009	45级剑客橙鞋子	1	10	4671
204045	45105009	45级剑客橙裤子	1	10	4671
204045	45202009	45级枪炮橙衣服	1	10	4671
204045	45203009	45级枪炮橙头盔	1	10	4671
204045	45204009	45级枪炮橙鞋子	1	10	4671
204045	45205009	45级枪炮橙裤子	1	10	4671
204045	45302009	45级拳师橙衣服	1	10	4671
204045	45303009	45级拳师橙头盔	1	10	4671
204045	45304009	45级拳师橙鞋子	1	10	4671
204045	45305009	45级拳师橙裤子	1	10	4671
204045	45402009	45级法师橙衣服	1	10	4671
204045	45403009	45级法师橙头盔	1	10	4671
204045	45404009	45级法师橙鞋子	1	10	4671
204045	45405009	45级法师橙裤子	1	10	4671
204050	44006110	50级项链	1	10	1004
204050	44006510	50级戒指	1	10	1004
204050	44102010	50级剑客紫衣服	1	10	1004
204050	44103010	50级剑客紫头盔	1	10	1004
204050	44104010	50级剑客紫鞋子	1	10	1004
204050	44105010	50级剑客紫裤子	1	10	1004
204050	44202010	50级枪炮紫衣服	1	10	1004
204050	44203010	50级枪炮紫头盔	1	10	1004
204050	44204010	50级枪炮紫鞋子	1	10	1004
204050	44205010	50级枪炮紫裤子	1	10	1004
204050	44302010	50级拳师紫衣服	1	10	1004
204050	44303010	50级拳师紫头盔	1	10	1004
204050	44304010	50级拳师紫鞋子	1	10	1004
204050	44305010	50级拳师紫裤子	1	10	1004
204050	44402010	50级法师紫衣服	1	10	1004
204050	44403010	50级法师紫头盔	1	10	1004
204050	44404010	50级法师紫鞋子	1	10	1004
204050	44405010	50级法师紫裤子	1	10	1004
204050	45006110	50级项链	1	10	4924
204050	45006510	50级戒指	1	10	4924
204050	45102010	50级剑客橙衣服	1	10	4924
204050	45103010	50级剑客橙头盔	1	10	4924
204050	45104010	50级剑客橙鞋子	1	10	4924
204050	45105010	50级剑客橙裤子	1	10	4924
204050	45202010	50级枪炮橙衣服	1	10	4924
204050	45203010	50级枪炮橙头盔	1	10	4924
204050	45204010	50级枪炮橙鞋子	1	10	4924
204050	45205010	50级枪炮橙裤子	1	10	4924
204050	45302010	50级拳师橙衣服	1	10	4924
204050	45303010	50级拳师橙头盔	1	10	4924
204050	45304010	50级拳师橙鞋子	1	10	4924
204050	45305010	50级拳师橙裤子	1	10	4924
204050	45402010	50级法师橙衣服	1	10	4924
204050	45403010	50级法师橙头盔	1	10	4924
204050	45404010	50级法师橙鞋子	1	10	4924
204050	45405010	50级法师橙裤子	1	10	4924
204055	44006111	55级项链	1	10	1113
204055	44006511	55级戒指	1	10	1113
204055	44102011	55级剑客紫衣服	1	10	1113
204055	44103011	55级剑客紫头盔	1	10	1113
204055	44104011	55级剑客紫鞋子	1	10	1113
204055	44105011	55级剑客紫裤子	1	10	1113
204055	44202011	55级枪炮紫衣服	1	10	1113
204055	44203011	55级枪炮紫头盔	1	10	1113
204055	44204011	55级枪炮紫鞋子	1	10	1113
204055	44205011	55级枪炮紫裤子	1	10	1113
204055	44302011	55级拳师紫衣服	1	10	1113
204055	44303011	55级拳师紫头盔	1	10	1113
204055	44304011	55级拳师紫鞋子	1	10	1113
204055	44305011	55级拳师紫裤子	1	10	1113
204055	44402011	55级法师紫衣服	1	10	1113
204055	44403011	55级法师紫头盔	1	10	1113
204055	44404011	55级法师紫鞋子	1	10	1113
204055	44405011	55级法师紫裤子	1	10	1113
204055	45006111	55级项链	1	10	5193
204055	45006511	55级戒指	1	10	5193
204055	45102011	55级剑客橙衣服	1	10	5193
204055	45103011	55级剑客橙头盔	1	10	5193
204055	45104011	55级剑客橙鞋子	1	10	5193
204055	45105011	55级剑客橙裤子	1	10	5193
204055	45202011	55级枪炮橙衣服	1	10	5193
204055	45203011	55级枪炮橙头盔	1	10	5193
204055	45204011	55级枪炮橙鞋子	1	10	5193
204055	45205011	55级枪炮橙裤子	1	10	5193
204055	45302011	55级拳师橙衣服	1	10	5193
204055	45303011	55级拳师橙头盔	1	10	5193
204055	45304011	55级拳师橙鞋子	1	10	5193
204055	45305011	55级拳师橙裤子	1	10	5193
204055	45402011	55级法师橙衣服	1	10	5193
204055	45403011	55级法师橙头盔	1	10	5193
204055	45404011	55级法师橙鞋子	1	10	5193
204055	45405011	55级法师橙裤子	1	10	5193
204060	44006112	60级项链	1	10	1241
204060	44006512	60级戒指	1	10	1241
204060	44102012	60级剑客紫衣服	1	10	1241
204060	44103012	60级剑客紫头盔	1	10	1241
204060	44104012	60级剑客紫鞋子	1	10	1241
204060	44105012	60级剑客紫裤子	1	10	1241
204060	44202012	60级枪炮紫衣服	1	10	1241
204060	44203012	60级枪炮紫头盔	1	10	1241
204060	44204012	60级枪炮紫鞋子	1	10	1241
204060	44205012	60级枪炮紫裤子	1	10	1241
204060	44302012	60级拳师紫衣服	1	10	1241
204060	44303012	60级拳师紫头盔	1	10	1241
204060	44304012	60级拳师紫鞋子	1	10	1241
204060	44305012	60级拳师紫裤子	1	10	1241
204060	44402012	60级法师紫衣服	1	10	1241
204060	44403012	60级法师紫头盔	1	10	1241
204060	44404012	60级法师紫鞋子	1	10	1241
204060	44405012	60级法师紫裤子	1	10	1241
204060	45006112	60级项链	1	10	5482
204060	45006512	60级戒指	1	10	5482
204060	45102012	60级剑客橙衣服	1	10	5482
204060	45103012	60级剑客橙头盔	1	10	5482
204060	45104012	60级剑客橙鞋子	1	10	5482
204060	45105012	60级剑客橙裤子	1	10	5482
204060	45202012	60级枪炮橙衣服	1	10	5482
204060	45203012	60级枪炮橙头盔	1	10	5482
204060	45204012	60级枪炮橙鞋子	1	10	5482
204060	45205012	60级枪炮橙裤子	1	10	5482
204060	45302012	60级拳师橙衣服	1	10	5482
204060	45303012	60级拳师橙头盔	1	10	5482
204060	45304012	60级拳师橙鞋子	1	10	5482
204060	45305012	60级拳师橙裤子	1	10	5482
204060	45402012	60级法师橙衣服	1	10	5482
204060	45403012	60级法师橙头盔	1	10	5482
204060	45404012	60级法师橙鞋子	1	10	5482
204060	45405012	60级法师橙裤子	1	10	5482
204065	44006113	65级项链	1	10	1391
204065	44006513	65级戒指	1	10	1391
204065	44102013	65级剑客紫衣服	1	10	1391
204065	44103013	65级剑客紫头盔	1	10	1391
204065	44104013	65级剑客紫鞋子	1	10	1391
204065	44105013	65级剑客紫裤子	1	10	1391
204065	44202013	65级枪炮紫衣服	1	10	1391
204065	44203013	65级枪炮紫头盔	1	10	1391
204065	44204013	65级枪炮紫鞋子	1	10	1391
204065	44205013	65级枪炮紫裤子	1	10	1391
204065	44302013	65级拳师紫衣服	1	10	1391
204065	44303013	65级拳师紫头盔	1	10	1391
204065	44304013	65级拳师紫鞋子	1	10	1391
204065	44305013	65级拳师紫裤子	1	10	1391
204065	44402013	65级法师紫衣服	1	10	1391
204065	44403013	65级法师紫头盔	1	10	1391
204065	44404013	65级法师紫鞋子	1	10	1391
204065	44405013	65级法师紫裤子	1	10	1391
204065	45006113	65级项链	1	10	5793
204065	45006513	65级戒指	1	10	5793
204065	45102013	65级剑客橙衣服	1	10	5793
204065	45103013	65级剑客橙头盔	1	10	5793
204065	45104013	65级剑客橙鞋子	1	10	5793
204065	45105013	65级剑客橙裤子	1	10	5793
204065	45202013	65级枪炮橙衣服	1	10	5793
204065	45203013	65级枪炮橙头盔	1	10	5793
204065	45204013	65级枪炮橙鞋子	1	10	5793
204065	45205013	65级枪炮橙裤子	1	10	5793
204065	45302013	65级拳师橙衣服	1	10	5793
204065	45303013	65级拳师橙头盔	1	10	5793
204065	45304013	65级拳师橙鞋子	1	10	5793
204065	45305013	65级拳师橙裤子	1	10	5793
204065	45402013	65级法师橙衣服	1	10	5793
204065	45403013	65级法师橙头盔	1	10	5793
204065	45404013	65级法师橙鞋子	1	10	5793
204065	45405013	65级法师橙裤子	1	10	5793
204070	44006114	70级项链	1	10	1566
204070	44006514	70级戒指	1	10	1566
204070	44102014	70级剑客紫衣服	1	10	1566
204070	44103014	70级剑客紫头盔	1	10	1566
204070	44104014	70级剑客紫鞋子	1	10	1566
204070	44105014	70级剑客紫裤子	1	10	1566
204070	44202014	70级枪炮紫衣服	1	10	1566
204070	44203014	70级枪炮紫头盔	1	10	1566
204070	44204014	70级枪炮紫鞋子	1	10	1566
204070	44205014	70级枪炮紫裤子	1	10	1566
204070	44302014	70级拳师紫衣服	1	10	1566
204070	44303014	70级拳师紫头盔	1	10	1566
204070	44304014	70级拳师紫鞋子	1	10	1566
204070	44305014	70级拳师紫裤子	1	10	1566
204070	44402014	70级法师紫衣服	1	10	1566
204070	44403014	70级法师紫头盔	1	10	1566
204070	44404014	70级法师紫鞋子	1	10	1566
204070	44405014	70级法师紫裤子	1	10	1566
204070	45006114	70级项链	1	10	6129
204070	45006514	70级戒指	1	10	6129
204070	45102014	70级剑客橙衣服	1	10	6129
204070	45103014	70级剑客橙头盔	1	10	6129
204070	45104014	70级剑客橙鞋子	1	10	6129
204070	45105014	70级剑客橙裤子	1	10	6129
204070	45202014	70级枪炮橙衣服	1	10	6129
204070	45203014	70级枪炮橙头盔	1	10	6129
204070	45204014	70级枪炮橙鞋子	1	10	6129
204070	45205014	70级枪炮橙裤子	1	10	6129
204070	45302014	70级拳师橙衣服	1	10	6129
204070	45303014	70级拳师橙头盔	1	10	6129
204070	45304014	70级拳师橙鞋子	1	10	6129
204070	45305014	70级拳师橙裤子	1	10	6129
204070	45402014	70级法师橙衣服	1	10	6129
204070	45403014	70级法师橙头盔	1	10	6129
204070	45404014	70级法师橙鞋子	1	10	6129
204070	45405014	70级法师橙裤子	1	10	6129
204075	44006115	75级项链	1	10	1770
204075	44006515	75级戒指	1	10	1770
204075	44102015	75级剑客紫衣服	1	10	1770
204075	44103015	75级剑客紫头盔	1	10	1770
204075	44104015	75级剑客紫鞋子	1	10	1770
204075	44105015	75级剑客紫裤子	1	10	1770
204075	44202015	75级枪炮紫衣服	1	10	1770
204075	44203015	75级枪炮紫头盔	1	10	1770
204075	44204015	75级枪炮紫鞋子	1	10	1770
204075	44205015	75级枪炮紫裤子	1	10	1770
204075	44302015	75级拳师紫衣服	1	10	1770
204075	44303015	75级拳师紫头盔	1	10	1770
204075	44304015	75级拳师紫鞋子	1	10	1770
204075	44305015	75级拳师紫裤子	1	10	1770
204075	44402015	75级法师紫衣服	1	10	1770
204075	44403015	75级法师紫头盔	1	10	1770
204075	44404015	75级法师紫鞋子	1	10	1770
204075	44405015	75级法师紫裤子	1	10	1770
204075	45006115	75级项链	1	10	6494
204075	45006515	75级戒指	1	10	6494
204075	45102015	75级剑客橙衣服	1	10	6494
204075	45103015	75级剑客橙头盔	1	10	6494
204075	45104015	75级剑客橙鞋子	1	10	6494
204075	45105015	75级剑客橙裤子	1	10	6494
204075	45202015	75级枪炮橙衣服	1	10	6494
204075	45203015	75级枪炮橙头盔	1	10	6494
204075	45204015	75级枪炮橙鞋子	1	10	6494
204075	45205015	75级枪炮橙裤子	1	10	6494
204075	45302015	75级拳师橙衣服	1	10	6494
204075	45303015	75级拳师橙头盔	1	10	6494
204075	45304015	75级拳师橙鞋子	1	10	6494
204075	45305015	75级拳师橙裤子	1	10	6494
204075	45402015	75级法师橙衣服	1	10	6494
204075	45403015	75级法师橙头盔	1	10	6494
204075	45404015	75级法师橙鞋子	1	10	6494
204075	45405015	75级法师橙裤子	1	10	6494
204080	44006116	80级项链	1	10	2007
204080	44006516	80级戒指	1	10	2007
204080	44102016	80级剑客紫衣服	1	10	2007
204080	44103016	80级剑客紫头盔	1	10	2007
204080	44104016	80级剑客紫鞋子	1	10	2007
204080	44105016	80级剑客紫裤子	1	10	2007
204080	44202016	80级枪炮紫衣服	1	10	2007
204080	44203016	80级枪炮紫头盔	1	10	2007
204080	44204016	80级枪炮紫鞋子	1	10	2007
204080	44205016	80级枪炮紫裤子	1	10	2007
204080	44302016	80级拳师紫衣服	1	10	2007
204080	44303016	80级拳师紫头盔	1	10	2007
204080	44304016	80级拳师紫鞋子	1	10	2007
204080	44305016	80级拳师紫裤子	1	10	2007
204080	44402016	80级法师紫衣服	1	10	2007
204080	44403016	80级法师紫头盔	1	10	2007
204080	44404016	80级法师紫鞋子	1	10	2007
204080	44405016	80级法师紫裤子	1	10	2007
204080	45006116	80级项链	1	10	6891
204080	45006516	80级戒指	1	10	6891
204080	45102016	80级剑客橙衣服	1	10	6891
204080	45103016	80级剑客橙头盔	1	10	6891
204080	45104016	80级剑客橙鞋子	1	10	6891
204080	45105016	80级剑客橙裤子	1	10	6891
204080	45202016	80级枪炮橙衣服	1	10	6891
204080	45203016	80级枪炮橙头盔	1	10	6891
204080	45204016	80级枪炮橙鞋子	1	10	6891
204080	45205016	80级枪炮橙裤子	1	10	6891
204080	45302016	80级拳师橙衣服	1	10	6891
204080	45303016	80级拳师橙头盔	1	10	6891
204080	45304016	80级拳师橙鞋子	1	10	6891
204080	45305016	80级拳师橙裤子	1	10	6891
204080	45402016	80级法师橙衣服	1	10	6891
204080	45403016	80级法师橙头盔	1	10	6891
204080	45404016	80级法师橙鞋子	1	10	6891
204080	45405016	80级法师橙裤子	1	10	6891
204085	44006117	85级项链	1	10	2279
204085	44006517	85级戒指	1	10	2279
204085	44102017	85级剑客紫衣服	1	10	2279
204085	44103017	85级剑客紫头盔	1	10	2279
204085	44104017	85级剑客紫鞋子	1	10	2279
204085	44105017	85级剑客紫裤子	1	10	2279
204085	44202017	85级枪炮紫衣服	1	10	2279
204085	44203017	85级枪炮紫头盔	1	10	2279
204085	44204017	85级枪炮紫鞋子	1	10	2279
204085	44205017	85级枪炮紫裤子	1	10	2279
204085	44302017	85级拳师紫衣服	1	10	2279
204085	44303017	85级拳师紫头盔	1	10	2279
204085	44304017	85级拳师紫鞋子	1	10	2279
204085	44305017	85级拳师紫裤子	1	10	2279
204085	44402017	85级法师紫衣服	1	10	2279
204085	44403017	85级法师紫头盔	1	10	2279
204085	44404017	85级法师紫鞋子	1	10	2279
204085	44405017	85级法师紫裤子	1	10	2279
204085	45006117	85级项链	1	10	7324
204085	45006517	85级戒指	1	10	7324
204085	45102017	85级剑客橙衣服	1	10	7324
204085	45103017	85级剑客橙头盔	1	10	7324
204085	45104017	85级剑客橙鞋子	1	10	7324
204085	45105017	85级剑客橙裤子	1	10	7324
204085	45202017	85级枪炮橙衣服	1	10	7324
204085	45203017	85级枪炮橙头盔	1	10	7324
204085	45204017	85级枪炮橙鞋子	1	10	7324
204085	45205017	85级枪炮橙裤子	1	10	7324
204085	45302017	85级拳师橙衣服	1	10	7324
204085	45303017	85级拳师橙头盔	1	10	7324
204085	45304017	85级拳师橙鞋子	1	10	7324
204085	45305017	85级拳师橙裤子	1	10	7324
204085	45402017	85级法师橙衣服	1	10	7324
204085	45403017	85级法师橙头盔	1	10	7324
204085	45404017	85级法师橙鞋子	1	10	7324
204085	45405017	85级法师橙裤子	1	10	7324
204090	44006118	90级项链	1	10	2591
204090	44006518	90级戒指	1	10	2591
204090	44102018	90级剑客紫衣服	1	10	2591
204090	44103018	90级剑客紫头盔	1	10	2591
204090	44104018	90级剑客紫鞋子	1	10	2591
204090	44105018	90级剑客紫裤子	1	10	2591
204090	44202018	90级枪炮紫衣服	1	10	2591
204090	44203018	90级枪炮紫头盔	1	10	2591
204090	44204018	90级枪炮紫鞋子	1	10	2591
204090	44205018	90级枪炮紫裤子	1	10	2591
204090	44302018	90级拳师紫衣服	1	10	2591
204090	44303018	90级拳师紫头盔	1	10	2591
204090	44304018	90级拳师紫鞋子	1	10	2591
204090	44305018	90级拳师紫裤子	1	10	2591
204090	44402018	90级法师紫衣服	1	10	2591
204090	44403018	90级法师紫头盔	1	10	2591
204090	44404018	90级法师紫鞋子	1	10	2591
204090	44405018	90级法师紫裤子	1	10	2591
204090	45006118	90级项链	1	10	7796
204090	45006518	90级戒指	1	10	7796
204090	45102018	90级剑客橙衣服	1	10	7796
204090	45103018	90级剑客橙头盔	1	10	7796
204090	45104018	90级剑客橙鞋子	1	10	7796
204090	45105018	90级剑客橙裤子	1	10	7796
204090	45202018	90级枪炮橙衣服	1	10	7796
204090	45203018	90级枪炮橙头盔	1	10	7796
204090	45204018	90级枪炮橙鞋子	1	10	7796
204090	45205018	90级枪炮橙裤子	1	10	7796
204090	45302018	90级拳师橙衣服	1	10	7796
204090	45303018	90级拳师橙头盔	1	10	7796
204090	45304018	90级拳师橙鞋子	1	10	7796
204090	45305018	90级拳师橙裤子	1	10	7796
204090	45402018	90级法师橙衣服	1	10	7796
204090	45403018	90级法师橙头盔	1	10	7796
204090	45404018	90级法师橙鞋子	1	10	7796
204090	45405018	90级法师橙裤子	1	10	7796
204095	44006119	95级项链	1	10	2946
204095	44006519	95级戒指	1	10	2946
204095	44102019	95级剑客紫衣服	1	10	2946
204095	44103019	95级剑客紫头盔	1	10	2946
204095	44104019	95级剑客紫鞋子	1	10	2946
204095	44105019	95级剑客紫裤子	1	10	2946
204095	44202019	95级枪炮紫衣服	1	10	2946
204095	44203019	95级枪炮紫头盔	1	10	2946
204095	44204019	95级枪炮紫鞋子	1	10	2946
204095	44205019	95级枪炮紫裤子	1	10	2946
204095	44302019	95级拳师紫衣服	1	10	2946
204095	44303019	95级拳师紫头盔	1	10	2946
204095	44304019	95级拳师紫鞋子	1	10	2946
204095	44305019	95级拳师紫裤子	1	10	2946
204095	44402019	95级法师紫衣服	1	10	2946
204095	44403019	95级法师紫头盔	1	10	2946
204095	44404019	95级法师紫鞋子	1	10	2946
204095	44405019	95级法师紫裤子	1	10	2946
204095	45006119	95级项链	1	10	8312
204095	45006519	95级戒指	1	10	8312
204095	45102019	95级剑客橙衣服	1	10	8312
204095	45103019	95级剑客橙头盔	1	10	8312
204095	45104019	95级剑客橙鞋子	1	10	8312
204095	45105019	95级剑客橙裤子	1	10	8312
204095	45202019	95级枪炮橙衣服	1	10	8312
204095	45203019	95级枪炮橙头盔	1	10	8312
204095	45204019	95级枪炮橙鞋子	1	10	8312
204095	45205019	95级枪炮橙裤子	1	10	8312
204095	45302019	95级拳师橙衣服	1	10	8312
204095	45303019	95级拳师橙头盔	1	10	8312
204095	45304019	95级拳师橙鞋子	1	10	8312
204095	45305019	95级拳师橙裤子	1	10	8312
204095	45402019	95级法师橙衣服	1	10	8312
204095	45403019	95级法师橙头盔	1	10	8312
204095	45404019	95级法师橙鞋子	1	10	8312
204095	45405019	95级法师橙裤子	1	10	8312
204100	44006120	100级项链	1	10	3350
204100	44006520	100级戒指	1	10	3350
204100	44102020	100级剑客紫衣服	1	10	3350
204100	44103020	100级剑客紫头盔	1	10	3350
204100	44104020	100级剑客紫鞋子	1	10	3350
204100	44105020	100级剑客紫裤子	1	10	3350
204100	44202020	100级枪炮紫衣服	1	10	3350
204100	44203020	100级枪炮紫头盔	1	10	3350
204100	44204020	100级枪炮紫鞋子	1	10	3350
204100	44205020	100级枪炮紫裤子	1	10	3350
204100	44302020	100级拳师紫衣服	1	10	3350
204100	44303020	100级拳师紫头盔	1	10	3350
204100	44304020	100级拳师紫鞋子	1	10	3350
204100	44305020	100级拳师紫裤子	1	10	3350
204100	44402020	100级法师紫衣服	1	10	3350
204100	44403020	100级法师紫头盔	1	10	3350
204100	44404020	100级法师紫鞋子	1	10	3350
204100	44405020	100级法师紫裤子	1	10	3350
204100	45006120	100级项链	1	10	8877
204100	45006520	100级戒指	1	10	8877
204100	45102020	100级剑客橙衣服	1	10	8877
204100	45103020	100级剑客橙头盔	1	10	8877
204100	45104020	100级剑客橙鞋子	1	10	8877
204100	45105020	100级剑客橙裤子	1	10	8877
204100	45202020	100级枪炮橙衣服	1	10	8877
204100	45203020	100级枪炮橙头盔	1	10	8877
204100	45204020	100级枪炮橙鞋子	1	10	8877
204100	45205020	100级枪炮橙裤子	1	10	8877
204100	45302020	100级拳师橙衣服	1	10	8877
204100	45303020	100级拳师橙头盔	1	10	8877
204100	45304020	100级拳师橙鞋子	1	10	8877
204100	45305020	100级拳师橙裤子	1	10	8877
204100	45402020	100级法师橙衣服	1	10	8877
204100	45403020	100级法师橙头盔	1	10	8877
204100	45404020	100级法师橙鞋子	1	10	8877
204100	45405020	100级法师橙裤子	1	10	8877
