编号	魔力珠名称	生命固定值	生命百分比（基础）	生命百分比（最终）	物攻固定值	物攻百分比（基础）	物攻百分比（最终）	魔攻固定值	魔攻百分比（基础）	魔攻百分比（最终）	物防固定值	物防百分比（基础）	物防百分比（最终）	魔防固定值	魔防百分比（基础）	魔防百分比（最终）	物暴固定值	物暴百分比（基础）	物暴百分比（最终）	魔暴固定值	魔暴百分比（基础）	魔暴百分比（最终）	命中固定值	命中百分比（基础）	命中百分比（最终）	格挡固定值	格挡百分比（基础）	格挡百分比（最终）	物理暴抗固定值	物理暴抗百分比（基础）	物理暴抗百分比（最终）	魔法暴抗固定值	魔法暴抗百分比（基础）	魔法暴抗百分比（最终）	是否可全队享受	特殊类功能	特殊功能所需参数	魔能珠构成	效能提升次数	效能提升成长率	注魔次数	时限	次限	逝魔后获得的魔力残骸数量	生效限制	显示描述
ID	Name	HPMAX1	HPMAX2	HPMAX3	ATK1	ATK2	ATK3	MAG1	MAG2	MAG3	DEF1	DEF2	DEF3	MDF1	MDF2	MDF3	CRT1	CRT2	CRT3	MCT1	MCT2	MCT3	HIT1	HIT2	HIT3	DEX1	DEX2	DEX3	WIL1	WIL2	WIL3	MWL1	MWL2	MWL3	TeamUse	Special	Parameter	Material	StrengthenTimes	StrengthenEffective	MagicInjection	Deadline	Times	Decompose	Condition	Exhibition
87000000	力量之源·小	0	0	0	709	0	0	0	0	0	0	0	0	0	0	0	0	0	0	0	0	0	0	0	0	0	0	0	0	0	0	0	0	0	0	0	0	"1,2,3,5"	9	4	1	0	0	5	3	
87200001	力量之源·中	0	0	0	891	0	0	0	0	0	0	0	0	0	0	0	0	0	0	0	0	0	0	0	0	0	0	0	0	0	0	0	0	0	0	0	0	"1,2,3,5,11"	9	7	0	0	0	20	3	
87400002	力量之源·大	0	0	0	1114	0	0	0	0	0	0	0	0	0	0	0	0	0	0	0	0	0	0	0	0	0	0	0	0	0	0	0	0	0	0	0	0	"1,2,3,4,5"	9	7	0	0	0	50	3	
87000003	守护之心·小	0	0	0	0	0	0	0	0	0	886	0	0	0	0	0	0	0	0	0	0	0	0	0	0	0	0	0	0	0	0	0	0	0	0	0	0	"1,2,3"	9	4	2	0	0	5	3	
87200004	守护之心·中	0	0	0	0	0	0	0	0	0	1114	0	0	0	0	0	0	0	0	0	0	0	0	0	0	0	0	0	0	0	0	0	0	0	0	0	0	"1,2,4"	9	7	2	0	0	20	3	
87400005	守护之心·大	0	0	0	0	0	0	0	0	0	1392	0	0	0	0	0	0	0	0	0	0	0	0	0	0	0	0	0	0	0	0	0	0	0	0	0	0	"1,2,3,7"	9	7	1	0	0	50	3	
87000006	魔魂契约·小	0	0	0	0	0	0	709	0	0	0	0	0	0	0	0	0	0	0	0	0	0	0	0	0	0	0	0	0	0	0	0	0	0	0	0	0	"1,2,3,9"	9	4	1	0	0	5	3	
87200007	魔魂契约·中	0	0	0	0	0	0	891	0	0	0	0	0	0	0	0	0	0	0	0	0	0	0	0	0	0	0	0	0	0	0	0	0	0	0	0	0	"1,2,3,7,9"	9	7	0	0	0	20	3	
87400008	魔魂契约·大	0	0	0	0	0	0	1114	0	0	0	0	0	0	0	0	0	0	0	0	0	0	0	0	0	0	0	0	0	0	0	0	0	0	0	0	0	"1,2,3,4,6"	9	7	0	0	0	50	3	
87000009	能量屏障·小	0	0	0	0	0	0	0	0	0	0	0	0	886	0	0	0	0	0	0	0	0	0	0	0	0	0	0	0	0	0	0	0	0	0	0	0	"1,2,5"	9	4	2	0	0	5	3	
87200010	能量屏障·中	0	0	0	0	0	0	0	0	0	0	0	0	1114	0	0	0	0	0	0	0	0	0	0	0	0	0	0	0	0	0	0	0	0	0	0	0	"1,2,10"	9	7	2	0	0	20	3	
87400011	能量屏障·大	0	0	0	0	0	0	0	0	0	0	0	0	1392	0	0	0	0	0	0	0	0	0	0	0	0	0	0	0	0	0	0	0	0	0	0	0	"1,2,3,11"	9	7	1	0	0	50	3	
87000012	血气旺盛·小	17719	0	0	0	0	0	0	0	0	0	0	0	0	0	0	0	0	0	0	0	0	0	0	0	0	0	0	0	0	0	0	0	0	0	0	0	"1,2,6"	9	4	2	0	0	5	3	
87200013	血气旺盛·中	22275	0	0	0	0	0	0	0	0	0	0	0	0	0	0	0	0	0	0	0	0	0	0	0	0	0	0	0	0	0	0	0	0	0	0	0	"1,2,12"	9	7	2	0	0	20	3	
87400014	血气旺盛·大	27844	0	0	0	0	0	0	0	0	0	0	0	0	0	0	0	0	0	0	0	0	0	0	0	0	0	0	0	0	0	0	0	0	0	0	0	"1,3,4,5"	9	7	1	0	0	50	3	
87000015	刀影锋芒·小	0	0	0	0	0	0	0	0	0	0	0	0	0	0	0	354	0	0	0	0	0	0	0	0	0	0	0	0	0	0	0	0	0	0	0	0	"1,2,7"	9	4	2	0	0	5	3	
87200016	刀影锋芒·中	0	0	0	0	0	0	0	0	0	0	0	0	0	0	0	446	0	0	0	0	0	0	0	0	0	0	0	0	0	0	0	0	0	0	0	0	"1,3,6"	9	7	2	0	0	20	3	
87400017	刀影锋芒·大	0	0	0	0	0	0	0	0	0	0	0	0	0	0	0	557	0	0	0	0	0	0	0	0	0	0	0	0	0	0	0	0	0	0	0	0	"1,3,4,7"	9	7	1	0	0	50	3	
87000018	聚魔灵爆·小	0	0	0	0	0	0	0	0	0	0	0	0	0	0	0	0	0	0	354	0	0	0	0	0	0	0	0	0	0	0	0	0	0	0	0	0	"1,2,8"	9	4	2	0	0	5	3	
87200019	聚魔灵爆·中	0	0	0	0	0	0	0	0	0	0	0	0	0	0	0	0	0	0	446	0	0	0	0	0	0	0	0	0	0	0	0	0	0	0	0	0	"1,3,8"	9	7	2	0	0	20	3	
87400020	聚魔灵爆·大	0	0	0	0	0	0	0	0	0	0	0	0	0	0	0	0	0	0	557	0	0	0	0	0	0	0	0	0	0	0	0	0	0	0	0	0	"1,3,4,9"	9	7	1	0	0	50	3	
87000021	不屈意志·小	0	0	0	0	0	0	0	0	0	0	0	0	0	0	0	0	0	0	0	0	0	0	0	0	0	0	0	886	0	0	0	0	0	0	0	0	"1,2,9"	9	4	2	0	0	5	3	
87200022	不屈意志·中	0	0	0	0	0	0	0	0	0	0	0	0	0	0	0	0	0	0	0	0	0	0	0	0	0	0	0	1114	0	0	0	0	0	0	0	0	"1,3,12"	9	7	2	0	0	20	3	
87400023	不屈意志·大	0	0	0	0	0	0	0	0	0	0	0	0	0	0	0	0	0	0	0	0	0	0	0	0	0	0	0	1392	0	0	0	0	0	0	0	0	"1,3,4,10"	9	7	1	0	0	50	3	
87000024	能量干扰·小	0	0	0	0	0	0	0	0	0	0	0	0	0	0	0	0	0	0	0	0	0	0	0	0	0	0	0	0	0	0	886	0	0	0	0	0	"1,2,11"	9	4	2	0	0	5	3	
87200025	能量干扰·中	0	0	0	0	0	0	0	0	0	0	0	0	0	0	0	0	0	0	0	0	0	0	0	0	0	0	0	0	0	0	1114	0	0	0	0	0	"1,4,11"	9	7	2	0	0	20	3	
87400026	能量干扰·大	0	0	0	0	0	0	0	0	0	0	0	0	0	0	0	0	0	0	0	0	0	0	0	0	0	0	0	0	0	0	1392	0	0	0	0	0	"1,4,5,8"	9	7	1	0	0	50	3	
87000027	拆招御力·小	0	0	0	0	0	0	0	0	0	0	0	0	0	0	0	0	0	0	0	0	0	0	0	0	1240	0	0	0	0	0	0	0	0	0	0	0	"1,3,4"	9	4	2	0	0	5	3	
87200028	拆招御力·中	0	0	0	0	0	0	0	0	0	0	0	0	0	0	0	0	0	0	0	0	0	0	0	0	1559	0	0	0	0	0	0	0	0	0	0	0	"1,4,12"	9	7	2	0	0	20	3	
87400029	拆招御力·大	0	0	0	0	0	0	0	0	0	0	0	0	0	0	0	0	0	0	0	0	0	0	0	0	1949	0	0	0	0	0	0	0	0	0	0	0	"1,4,5,6"	9	7	1	0	0	50	3	
87000030	鹰目之眸·小	0	0	0	0	0	0	0	0	0	0	0	0	0	0	0	0	0	0	0	0	0	354	0	0	0	0	0	0	0	0	0	0	0	0	0	0	"1,3,5"	9	4	2	0	0	5	3	
87200031	鹰目之眸·中	0	0	0	0	0	0	0	0	0	0	0	0	0	0	0	0	0	0	0	0	0	446	0	0	0	0	0	0	0	0	0	0	0	0	0	0	"1,5,7"	9	7	2	0	0	20	3	
87400032	鹰目之眸·大	0	0	0	0	0	0	0	0	0	0	0	0	0	0	0	0	0	0	0	0	0	557	0	0	0	0	0	0	0	0	0	0	0	0	0	0	"1,4,5,10"	9	7	1	0	0	50	3	
87100033	执刑者之魂·小	0	0	0	0	30	0	0	0	0	0	0	0	0	0	0	0	0	0	0	0	0	0	0	0	0	0	0	0	0	0	0	0	0	0	0	0	"2,3,5,11"	9	5	1	0	0	10	3	物理攻击力+%d%%（基础值）。
87400034	执刑者之魂·中	0	0	0	0	50	0	0	0	0	0	0	0	0	0	0	0	0	0	0	0	0	0	0	0	0	0	0	0	0	0	0	0	0	0	0	0	"1,2,3,7,11"	9	5	0	0	0	50	3	物理攻击力+%d%%（基础值）。
87500035	执刑者之魂·大	0	0	0	0	55	0	0	0	0	0	0	0	0	0	0	0	0	0	0	0	0	0	0	0	0	0	0	0	0	0	0	0	0	0	0	0	"1,2,3,4,7"	9	5	0	0	0	100	3	物理攻击力+%d%%（基础值）。
87100036	守护者之赦·小	0	0	0	0	0	0	0	0	0	0	30	0	0	0	0	0	0	0	0	0	0	0	0	0	0	0	0	0	0	0	0	0	0	0	0	0	"1,3,7"	9	5	2	0	0	10	3	物理防御力+%d%%（基础值）。
87400037	守护者之赦·中	0	0	0	0	0	0	0	0	0	0	50	0	0	0	0	0	0	0	0	0	0	0	0	0	0	0	0	0	0	0	0	0	0	0	0	0	"2,3,5,12"	9	5	1	0	0	50	3	物理防御力+%d%%（基础值）。
87500038	守护者之赦·大	0	0	0	0	0	0	0	0	0	0	55	0	0	0	0	0	0	0	0	0	0	0	0	0	0	0	0	0	0	0	0	0	0	0	0	0	"1,2,3,4,9"	9	5	0	0	0	100	3	物理防御力+%d%%（基础值）。
87100039	睿智者之谋·小	0	0	0	0	0	0	0	30	0	0	0	0	0	0	0	0	0	0	0	0	0	0	0	0	0	0	0	0	0	0	0	0	0	0	0	0	"2,5,6,8"	9	5	1	0	0	10	3	魔法攻击力+%d%%（基础值）。
87400040	睿智者之谋·中	0	0	0	0	0	0	0	50	0	0	0	0	0	0	0	0	0	0	0	0	0	0	0	0	0	0	0	0	0	0	0	0	0	0	0	0	"1,2,3,9,11"	9	5	0	0	0	50	3	魔法攻击力+%d%%（基础值）。
87500041	睿智者之谋·大	0	0	0	0	0	0	0	55	0	0	0	0	0	0	0	0	0	0	0	0	0	0	0	0	0	0	0	0	0	0	0	0	0	0	0	0	"1,2,3,4,12"	9	5	0	0	0	100	3	魔法攻击力+%d%%（基础值）。
87100042	勇猛者之略·小	0	0	0	0	0	0	0	0	0	0	0	0	0	30	0	0	0	0	0	0	0	0	0	0	0	0	0	0	0	0	0	0	0	0	0	0	"1,3,9"	9	5	2	0	0	10	3	魔法防御力+%d%%（基础值）。
87400043	勇猛者之略·中	0	0	0	0	0	0	0	0	0	0	0	0	0	50	0	0	0	0	0	0	0	0	0	0	0	0	0	0	0	0	0	0	0	0	0	0	"2,5,6,11"	9	5	1	0	0	50	3	魔法防御力+%d%%（基础值）。
87500044	勇猛者之略·大	0	0	0	0	0	0	0	0	0	0	0	0	0	55	0	0	0	0	0	0	0	0	0	0	0	0	0	0	0	0	0	0	0	0	0	0	"1,2,3,5,6"	9	5	0	0	0	100	3	魔法防御力+%d%%（基础值）。
87100045	天使祝福·小	0	30	0	0	0	0	0	0	0	0	0	0	0	0	0	0	0	0	0	0	0	0	0	0	0	0	0	0	0	0	0	0	0	0	0	0	"1,3,10"	9	5	2	0	0	10	3	生命上限+%d%%（基础值）。
87400046	天使祝福·中	0	50	0	0	0	0	0	0	0	0	0	0	0	0	0	0	0	0	0	0	0	0	0	0	0	0	0	0	0	0	0	0	0	0	0	0	"2,5,6,12"	9	5	1	0	0	50	3	生命上限+%d%%（基础值）。
87500047	天使祝福·大	0	55	0	0	0	0	0	0	0	0	0	0	0	0	0	0	0	0	0	0	0	0	0	0	0	0	0	0	0	0	0	0	0	0	0	0	"1,2,5,6,8"	9	5	0	0	0	100	3	生命上限+%d%%（基础值）。
87100048	利刃旋风·小	0	0	0	0	0	0	0	0	0	0	0	0	0	0	0	0	30	0	0	0	0	0	0	0	0	0	0	0	0	0	0	0	0	0	0	0	"1,3,11"	9	5	2	0	0	10	3	物理暴击+%d%%（基础值）。
87400049	利刃旋风·中	0	0	0	0	0	0	0	0	0	0	0	0	0	0	0	0	50	0	0	0	0	0	0	0	0	0	0	0	0	0	0	0	0	0	0	0	"1,5,6,8"	9	5	1	0	0	50	3	物理暴击+%d%%（基础值）。
87500050	利刃旋风·大	0	0	0	0	0	0	0	0	0	0	0	0	0	0	0	0	55	0	0	0	0	0	0	0	0	0	0	0	0	0	0	0	0	0	0	0	"1,2,5,6,11"	9	5	0	0	0	100	3	物理暴击+%d%%（基础值）。
87100051	真理之威·小	0	0	0	0	0	0	0	0	0	0	0	0	0	0	0	0	0	0	0	30	0	0	0	0	0	0	0	0	0	0	0	0	0	0	0	0	"1,4,5"	9	5	2	0	0	10	3	魔法暴击+%d%%（基础值）。
87400052	真理之威·中	0	0	0	0	0	0	0	0	0	0	0	0	0	0	0	0	0	0	0	50	0	0	0	0	0	0	0	0	0	0	0	0	0	0	0	0	"1,5,6,10"	9	5	1	0	0	50	3	魔法暴击+%d%%（基础值）。
87500053	真理之威·大	0	0	0	0	0	0	0	0	0	0	0	0	0	0	0	0	0	0	0	55	0	0	0	0	0	0	0	0	0	0	0	0	0	0	0	0	"1,2,5,8,11"	9	5	0	0	0	100	3	魔法暴击+%d%%（基础值）。
87100054	无畏之拒·小	0	0	0	0	0	0	0	0	0	0	0	0	0	0	0	0	0	0	0	0	0	0	0	0	0	0	0	0	30	0	0	0	0	0	0	0	"1,4,6"	9	5	2	0	0	10	3	物理暴击抵抗+%d%%（基础值）。
87400055	无畏之拒·中	0	0	0	0	0	0	0	0	0	0	0	0	0	0	0	0	0	0	0	0	0	0	0	0	0	0	0	0	50	0	0	0	0	0	0	0	"1,5,6,11"	9	5	1	0	0	50	3	物理暴击抵抗+%d%%（基础值）。
87500056	无畏之拒·大	0	0	0	0	0	0	0	0	0	0	0	0	0	0	0	0	0	0	0	0	0	0	0	0	0	0	0	0	55	0	0	0	0	0	0	0	"1,2,6,7,11"	9	5	0	0	0	100	3	物理暴击抵抗+%d%%（基础值）。
87100057	圣护之风·小	0	0	0	0	0	0	0	0	0	0	0	0	0	0	0	0	0	0	0	0	0	0	0	0	0	0	0	0	0	0	0	30	0	0	0	0	"1,4,7"	9	5	2	0	0	10	3	魔法暴击抵抗+%d%%（基础值）。
87400058	圣护之风·中	0	0	0	0	0	0	0	0	0	0	0	0	0	0	0	0	0	0	0	0	0	0	0	0	0	0	0	0	0	0	0	50	0	0	0	0	"1,7,9,10"	9	5	1	0	0	50	3	魔法暴击抵抗+%d%%（基础值）。
87500059	圣护之风·大	0	0	0	0	0	0	0	0	0	0	0	0	0	0	0	0	0	0	0	0	0	0	0	0	0	0	0	0	0	0	0	55	0	0	0	0	"1,2,6,8,11"	9	5	0	0	0	100	3	魔法暴击抵抗+%d%%（基础值）。
87100060	神灵庇佑·小	0	0	0	0	0	0	0	0	0	0	0	0	0	0	0	0	0	0	0	0	0	0	0	0	0	30	0	0	0	0	0	0	0	0	0	0	"1,4,8"	9	5	2	0	0	10	3	格挡率+%d%%（基础值）。
87400061	神灵庇佑·中	0	0	0	0	0	0	0	0	0	0	0	0	0	0	0	0	0	0	0	0	0	0	0	0	0	50	0	0	0	0	0	0	0	0	0	0	"1,7,9,11"	9	5	1	0	0	50	3	格挡率+%d%%（基础值）。
87500062	神灵庇佑·大	0	0	0	0	0	0	0	0	0	0	0	0	0	0	0	0	0	0	0	0	0	0	0	0	0	55	0	0	0	0	0	0	0	0	0	0	"1,2,7,9,11"	9	5	0	0	0	100	3	格挡率+%d%%（基础值）。
87100063	天帝之眼·小	0	0	0	0	0	0	0	0	0	0	0	0	0	0	0	0	0	0	0	0	0	0	30	0	0	0	0	0	0	0	0	0	0	0	0	0	"1,4,9"	9	5	2	0	0	10	3	命中率+%d%%（基础值）。
87400064	天帝之眼·中	0	0	0	0	0	0	0	0	0	0	0	0	0	0	0	0	0	0	0	0	0	0	50	0	0	0	0	0	0	0	0	0	0	0	0	0	"1,6,7,10"	9	5	1	0	0	50	3	命中率+%d%%（基础值）。
87500065	天帝之眼·大	0	0	0	0	0	0	0	0	0	0	0	0	0	0	0	0	0	0	0	0	0	0	55	0	0	0	0	0	0	0	0	0	0	0	0	0	"1,2,8,9,11"	9	5	0	0	0	100	3	命中率+%d%%（基础值）。
87101066	招财进宝·小	0	0	0	0	0	0	0	0	0	0	0	0	0	0	0	0	0	0	0	0	0	0	0	0	0	0	0	0	0	0	0	0	0	0	5	100	"1,11,11"	0	0	2	0	1	10	1	极限挑战时，结算金币+100%。
87201067	招财进宝·中	0	0	0	0	0	0	0	0	0	0	0	0	0	0	0	0	0	0	0	0	0	0	0	0	0	0	0	0	0	0	0	0	0	0	5	200	"1,6,7,11"	0	0	1	0	1	20	1	极限挑战时，结算金币+200%。
87401068	招财进宝·大	0	0	0	0	0	0	0	0	0	0	0	0	0	0	0	0	0	0	0	0	0	0	0	0	0	0	0	0	0	0	0	0	0	0	5	300	"1,3,4,5,10"	0	0	0	0	1	50	1	极限挑战时，结算金币+300%。
87501069	招财进宝·极大	0	0	0	0	0	0	0	0	0	0	0	0	0	0	0	0	0	0	0	0	0	0	0	0	0	0	0	0	0	0	0	0	0	0	5	400	0	0	0	0	0	1	100	1	极限挑战时，结算金币+400%。
87201070	财源广进·小	0	0	0	0	0	0	0	0	0	0	0	0	0	0	0	0	0	0	0	0	0	0	0	0	0	0	0	0	0	0	0	0	0	0	5	100	"2,3,7,9"	0	0	1	0	2	20	1	极限挑战时，结算金币+100%。
87401071	财源广进·中	0	0	0	0	0	0	0	0	0	0	0	0	0	0	0	0	0	0	0	0	0	0	0	0	0	0	0	0	0	0	0	0	0	0	5	200	0	0	0	0	0	2	50	1	极限挑战时，结算金币+200%。
87501072	财源广进·大	0	0	0	0	0	0	0	0	0	0	0	0	0	0	0	0	0	0	0	0	0	0	0	0	0	0	0	0	0	0	0	0	0	0	5	300	0	0	0	0	0	2	100	1	极限挑战时，结算金币+300%。
87201073	财源滚滚·小	0	0	0	0	0	0	0	0	0	0	0	0	0	0	0	0	0	0	0	0	0	0	0	0	0	0	0	0	0	0	0	0	0	0	5	100	"2,3,7,10"	0	0	1	0	5	20	1	极限挑战时，结算金币+100%。
87401074	财源滚滚·中	0	0	0	0	0	0	0	0	0	0	0	0	0	0	0	0	0	0	0	0	0	0	0	0	0	0	0	0	0	0	0	0	0	0	5	200	0	0	0	0	0	5	50	1	极限挑战时，结算金币+200%。
87501075	财源滚滚·大	0	0	0	0	0	0	0	0	0	0	0	0	0	0	0	0	0	0	0	0	0	0	0	0	0	0	0	0	0	0	0	0	0	0	5	300	0	0	0	0	0	5	100	1	极限挑战时，结算金币+300%。
87211076	地狱军团·小	0	0	0	0	8	0	0	0	0	0	0	0	0	0	0	0	0	0	0	0	0	0	0	0	0	0	0	0	0	0	0	0	0	1	0	0	"1,3,4,7,9"	9	3	0	0	0	20	1	全队物理攻击力+%d%%（基础值）。
87411077	地狱军团·中	0	0	0	0	14	0	0	0	0	0	0	0	0	0	0	0	0	0	0	0	0	0	0	0	0	0	0	0	0	0	0	0	0	1	0	0	"1,2,3,5,9"	9	4	0	0	0	50	1	全队物理攻击力+%d%%（基础值）。
87511078	地狱军团·大	0	0	0	0	25	0	0	0	0	0	0	0	0	0	0	0	0	0	0	0	0	0	0	0	0	0	0	0	0	0	0	0	0	1	0	0	0	9	7	0	0	0	100	1	全队物理攻击力+%d%%（基础值）。
87211079	要塞守护·小	0	0	0	0	0	0	0	0	0	0	8	0	0	0	0	0	0	0	0	0	0	0	0	0	0	0	0	0	0	0	0	0	0	1	0	0	"1,2,3,12"	9	3	1	0	0	20	1	全队物理防御力+%d%%（基础值）。
87411080	要塞守护·中	0	0	0	0	0	0	0	0	0	0	14	0	0	0	0	0	0	0	0	0	0	0	0	0	0	0	0	0	0	0	0	0	0	1	0	0	"1,3,4,7,10"	9	4	0	0	0	50	1	全队物理防御力+%d%%（基础值）。
87511081	要塞守护·大	0	0	0	0	0	0	0	0	0	0	25	0	0	0	0	0	0	0	0	0	0	0	0	0	0	0	0	0	0	0	0	0	0	1	0	0	0	9	7	0	0	0	100	1	全队物理防御力+%d%%（基础值）。
87211082	杀神之界·小	0	0	0	0	0	0	0	8	0	0	0	0	0	0	0	0	0	0	0	0	0	0	0	0	0	0	0	0	0	0	0	0	0	1	0	0	"1,3,4,9,10"	9	3	0	0	0	20	1	全队魔法攻击力+%d%%（基础值）。
87411083	杀神之界·中	0	0	0	0	0	0	0	14	0	0	0	0	0	0	0	0	0	0	0	0	0	0	0	0	0	0	0	0	0	0	0	0	0	1	0	0	"1,2,3,5,12"	9	4	0	0	0	50	1	全队魔法攻击力+%d%%（基础值）。
87511084	杀神之界·大	0	0	0	0	0	0	0	25	0	0	0	0	0	0	0	0	0	0	0	0	0	0	0	0	0	0	0	0	0	0	0	0	0	1	0	0	0	9	7	0	0	0	100	1	全队魔法攻击力+%d%%（基础值）。
87211085	魔法克星·小	0	0	0	0	0	0	0	0	0	0	0	0	0	8	0	0	0	0	0	0	0	0	0	0	0	0	0	0	0	0	0	0	0	1	0	0	"1,2,3,4"	9	3	1	0	0	20	1	全队魔法防御力+%d%%（基础值）。
87411086	魔法克星·中	0	0	0	0	0	0	0	0	0	0	0	0	0	14	0	0	0	0	0	0	0	0	0	0	0	0	0	0	0	0	0	0	0	1	0	0	"1,3,7,9,10"	9	4	0	0	0	50	1	全队魔法防御力+%d%%（基础值）。
87511087	魔法克星·大	0	0	0	0	0	0	0	0	0	0	0	0	0	25	0	0	0	0	0	0	0	0	0	0	0	0	0	0	0	0	0	0	0	1	0	0	0	9	7	0	0	0	100	1	全队魔法防御力+%d%%（基础值）。
87211088	世界树之泪·小	0	8	0	0	0	0	0	0	0	0	0	0	0	0	0	0	0	0	0	0	0	0	0	0	0	0	0	0	0	0	0	0	0	1	0	0	"1,2,3,6"	9	3	1	0	0	20	1	全队生命上限+%d%%（基础值）。
87411089	世界树之泪·中	0	14	0	0	0	0	0	0	0	0	0	0	0	0	0	0	0	0	0	0	0	0	0	0	0	0	0	0	0	0	0	0	0	1	0	0	"1,3,7,9,11"	9	4	0	0	0	50	1	全队生命上限+%d%%（基础值）。
87511090	世界树之泪·大	0	25	0	0	0	0	0	0	0	0	0	0	0	0	0	0	0	0	0	0	0	0	0	0	0	0	0	0	0	0	0	0	0	1	0	0	0	9	7	0	0	0	100	1	全队生命上限+%d%%（基础值）。
87211091	全副武装·小	0	0	0	0	0	0	0	0	0	0	0	0	0	0	0	0	8	0	0	0	0	0	0	0	0	0	0	0	0	0	0	0	0	1	0	0	"1,3,4,12"	9	3	1	0	0	20	1	全队物理暴击率+%d%%（基础值）。
87411092	全副武装·中	0	0	0	0	0	0	0	0	0	0	0	0	0	0	0	0	14	0	0	0	0	0	0	0	0	0	0	0	0	0	0	0	0	1	0	0	"1,4,5,6,8"	9	4	0	0	0	50	1	全队物理暴击率+%d%%（基础值）。
87511093	全副武装·大	0	0	0	0	0	0	0	0	0	0	0	0	0	0	0	0	25	0	0	0	0	0	0	0	0	0	0	0	0	0	0	0	0	1	0	0	0	9	7	0	0	0	100	1	全队物理暴击率+%d%%（基础值）。
87211094	伟大真知之书·小	0	0	0	0	0	0	0	0	0	0	0	0	0	0	0	0	0	0	0	8	0	0	0	0	0	0	0	0	0	0	0	0	0	1	0	0	"1,3,4,6"	9	3	1	0	0	20	1	全队魔法暴击率+%d%%（基础值）。
87411095	伟大真知之书·中	0	0	0	0	0	0	0	0	0	0	0	0	0	0	0	0	0	0	0	14	0	0	0	0	0	0	0	0	0	0	0	0	0	1	0	0	"1,4,5,6,10"	9	4	0	0	0	50	1	全队魔法暴击率+%d%%（基础值）。
87511096	伟大真知之书·大	0	0	0	0	0	0	0	0	0	0	0	0	0	0	0	0	0	0	0	25	0	0	0	0	0	0	0	0	0	0	0	0	0	1	0	0	0	9	7	0	0	0	100	1	全队魔法暴击率+%d%%（基础值）。
87211097	古神守护·小	0	0	0	0	0	0	0	0	0	0	0	0	0	0	0	0	0	0	0	0	0	0	0	0	0	0	0	0	8	0	0	0	0	1	0	0	"1,4,5,12"	9	3	1	0	0	20	1	全队物理暴击抵抗+%d%%（基础值）。
87411098	古神守护·中	0	0	0	0	0	0	0	0	0	0	0	0	0	0	0	0	0	0	0	0	0	0	0	0	0	0	0	0	14	0	0	0	0	1	0	0	"1,4,5,8,10"	9	4	0	0	0	50	1	全队物理暴击抵抗+%d%%（基础值）。
87511099	古神守护·大	0	0	0	0	0	0	0	0	0	0	0	0	0	0	0	0	0	0	0	0	0	0	0	0	0	0	0	0	25	0	0	0	0	1	0	0	0	9	7	0	0	0	100	1	全队物理暴击抵抗+%d%%（基础值）。
87211100	巫灵魔咒·小	0	0	0	0	0	0	0	0	0	0	0	0	0	0	0	0	0	0	0	0	0	0	0	0	0	0	0	0	0	0	0	8	0	1	0	0	"2,3,4,5"	9	3	1	0	0	20	1	全队魔法暴击抵抗+%d%%（基础值）。
87411101	巫灵魔咒·中	0	0	0	0	0	0	0	0	0	0	0	0	0	0	0	0	0	0	0	0	0	0	0	0	0	0	0	0	0	0	0	14	0	1	0	0	"1,4,6,7,10"	9	4	0	0	0	50	1	全队魔法暴击抵抗+%d%%（基础值）。
87511102	巫灵魔咒·大	0	0	0	0	0	0	0	0	0	0	0	0	0	0	0	0	0	0	0	0	0	0	0	0	0	0	0	0	0	0	0	25	0	1	0	0	0	9	7	0	0	0	100	1	全队魔法暴击抵抗+%d%%（基础值）。
87211103	斗转星移·小	0	0	0	0	0	0	0	0	0	0	0	0	0	0	0	0	0	0	0	0	0	0	0	0	0	8	0	0	0	0	0	0	0	1	0	0	"2,3,5,6"	9	3	1	0	0	20	1	全队格挡率+%d%%（基础值）。
87411104	斗转星移·中	0	0	0	0	0	0	0	0	0	0	0	0	0	0	0	0	0	0	0	0	0	0	0	0	0	14	0	0	0	0	0	0	0	1	0	0	"1,4,6,8,10"	9	4	0	0	0	50	1	全队格挡率+%d%%（基础值）。
87511105	斗转星移·大	0	0	0	0	0	0	0	0	0	0	0	0	0	0	0	0	0	0	0	0	0	0	0	0	0	25	0	0	0	0	0	0	0	1	0	0	0	9	7	0	0	0	100	1	全队格挡率+%d%%（基础值）。
87211106	盖波加之刃·小	0	0	0	0	0	0	0	0	0	0	0	0	0	0	0	0	0	0	0	0	0	0	8	0	0	0	0	0	0	0	0	0	0	1	0	0	"2,3,5,9"	9	3	1	0	0	20	1	全队命中率+%d%%（基础值）。
87411107	盖波加之刃·中	0	0	0	0	0	0	0	0	0	0	0	0	0	0	0	0	0	0	0	0	0	0	14	0	0	0	0	0	0	0	0	0	0	1	0	0	"1,4,7,9,10"	9	4	0	0	0	50	1	全队命中率+%d%%（基础值）。
87511108	盖波加之刃·大	0	0	0	0	0	0	0	0	0	0	0	0	0	0	0	0	0	0	0	0	0	0	25	0	0	0	0	0	0	0	0	0	0	1	0	0	0	9	7	0	0	0	100	1	全队命中率+%d%%（基础值）。
87201109	耀武锋芒·小	0	0	0	0	0	40	0	0	0	0	0	0	0	0	0	0	0	0	0	0	0	0	0	0	0	0	0	0	0	0	0	0	0	0	3	0	"1,2,2,3"	0	0	1	0	10	20	3	天梯赛时，物理攻击力+40%（最终值）
87401110	耀武锋芒·中	0	0	0	0	0	100	0	0	0	0	0	0	0	0	0	0	0	0	0	0	0	0	0	0	0	0	0	0	0	0	0	0	0	0	3	0	"1,2,2,3,5"	0	0	0	0	10	50	3	天梯赛时，物理攻击力+100%（最终值）
87501111	耀武锋芒·大	0	0	0	0	0	300	0	0	0	0	0	0	0	0	0	0	0	0	0	0	0	0	0	0	0	0	0	0	0	0	0	0	0	0	3	0	0	0	0	0	0	10	100	3	天梯赛时，物理攻击力+300%（最终值）
87201112	王之禁卫·小	0	0	0	0	0	0	0	0	0	0	0	50	0	0	0	0	0	0	0	0	0	0	0	0	0	0	0	0	0	0	0	0	0	0	3	0	"1,4,10"	0	0	2	0	10	20	3	天梯赛时，物理防御力+50%（最终值）
87401113	王之禁卫·中	0	0	0	0	0	0	0	0	0	0	0	150	0	0	0	0	0	0	0	0	0	0	0	0	0	0	0	0	0	0	0	0	0	0	3	0	"1,2,2,5"	0	0	1	0	10	50	3	天梯赛时，物理防御力+150%（最终值）
87501114	王之禁卫·大	0	0	0	0	0	0	0	0	0	0	0	350	0	0	0	0	0	0	0	0	0	0	0	0	0	0	0	0	0	0	0	0	0	0	3	0	0	0	0	0	0	10	100	3	天梯赛时，物理防御力+350%（最终值）
87201115	尘封古书·小	0	0	0	0	0	0	0	0	40	0	0	0	0	0	0	0	0	0	0	0	0	0	0	0	0	0	0	0	0	0	0	0	0	0	3	0	"1,2,2,6"	0	0	1	0	10	20	3	天梯赛时，魔法攻击力+40%（最终值）
87401116	尘封古书·中	0	0	0	0	0	0	0	0	100	0	0	0	0	0	0	0	0	0	0	0	0	0	0	0	0	0	0	0	0	0	0	0	0	0	3	0	"1,2,2,3,7"	0	0	0	0	10	50	3	天梯赛时，魔法攻击力+100%（最终值）
87501117	尘封古书·大	0	0	0	0	0	0	0	0	300	0	0	0	0	0	0	0	0	0	0	0	0	0	0	0	0	0	0	0	0	0	0	0	0	0	3	0	0	0	0	0	0	10	100	3	天梯赛时，魔法攻击力+300%（最终值）
87201118	能量守卫·小	0	0	0	0	0	0	0	0	0	0	0	0	0	0	50	0	0	0	0	0	0	0	0	0	0	0	0	0	0	0	0	0	0	0	3	0	"1,5,6"	0	0	2	0	10	20	3	天梯赛时，魔法防御力+50%（最终值）
87401119	能量守卫·中	0	0	0	0	0	0	0	0	0	0	0	0	0	0	150	0	0	0	0	0	0	0	0	0	0	0	0	0	0	0	0	0	0	0	3	0	"1,2,2,7"	0	0	1	0	10	50	3	天梯赛时，魔法防御力+150%（最终值）
87501120	能量守卫·大	0	0	0	0	0	0	0	0	0	0	0	0	0	0	350	0	0	0	0	0	0	0	0	0	0	0	0	0	0	0	0	0	0	0	3	0	0	0	0	0	0	10	100	3	天梯赛时，魔法防御力+350%（最终值）
87201121	血之回忆·小	0	0	50	0	0	0	0	0	0	0	0	0	0	0	0	0	0	0	0	0	0	0	0	0	0	0	0	0	0	0	0	0	0	0	3	0	"1,5,8"	0	0	2	0	10	20	3	天梯赛时，生命上限+50%（最终值）
87401122	血之回忆·中	0	0	150	0	0	0	0	0	0	0	0	0	0	0	0	0	0	0	0	0	0	0	0	0	0	0	0	0	0	0	0	0	0	0	3	0	"1,2,2,8"	0	0	1	0	10	50	3	天梯赛时，生命上限+150%（最终值）
87501123	血之回忆·大	0	0	350	0	0	0	0	0	0	0	0	0	0	0	0	0	0	0	0	0	0	0	0	0	0	0	0	0	0	0	0	0	0	0	3	0	0	0	0	0	0	10	100	3	天梯赛时，生命上限+350%（最终值）
87201124	鲁莽之袭·小	0	0	0	0	0	0	0	0	0	0	0	0	0	0	0	0	0	40	0	0	0	0	0	0	0	0	0	0	0	0	0	0	0	0	3	0	"1,7,11"	0	0	2	0	10	20	3	天梯赛时，物理暴击率+40%（最终值）
87401125	鲁莽之袭·中	0	0	0	0	0	0	0	0	0	0	0	0	0	0	0	0	0	100	0	0	0	0	0	0	0	0	0	0	0	0	0	0	0	0	3	0	"4,4,7"	0	0	2	0	10	50	3	天梯赛时，物理暴击率+100%（最终值）
87501126	鲁莽之袭·大	0	0	0	0	0	0	0	0	0	0	0	0	0	0	0	0	0	300	0	0	0	0	0	0	0	0	0	0	0	0	0	0	0	0	3	0	0	0	0	0	0	10	100	3	天梯赛时，物理暴击率+300%（最终值）
87201127	黑波流动·小	0	0	0	0	0	0	0	0	0	0	0	0	0	0	0	0	0	0	0	0	40	0	0	0	0	0	0	0	0	0	0	0	0	0	3	0	"1,5,10"	0	0	2	0	10	20	3	天梯赛时，魔法暴击率+40%（最终值）
87401128	黑波流动·中	0	0	0	0	0	0	0	0	0	0	0	0	0	0	0	0	0	0	0	0	100	0	0	0	0	0	0	0	0	0	0	0	0	0	3	0	"2,2,5"	0	0	2	0	10	50	3	天梯赛时，魔法暴击率+100%（最终值）
87501129	黑波流动·大	0	0	0	0	0	0	0	0	0	0	0	0	0	0	0	0	0	0	0	0	300	0	0	0	0	0	0	0	0	0	0	0	0	0	3	0	0	0	0	0	0	10	100	3	天梯赛时，魔法暴击率+300%（最终值）
87201130	金刚不坏·小	0	0	0	0	0	0	0	0	0	0	0	0	0	0	0	0	0	0	0	0	0	0	0	0	0	0	0	0	0	50	0	0	0	0	3	0	"1,5,11"	0	0	2	0	10	20	3	天梯赛时，物理暴击抵抗+50%（最终值）
87401131	金刚不坏·中	0	0	0	0	0	0	0	0	0	0	0	0	0	0	0	0	0	0	0	0	0	0	0	0	0	0	0	0	0	150	0	0	0	0	3	0	"3,3,12"	0	0	2	0	10	50	3	天梯赛时，物理暴击抵抗+150%（最终值）
87501132	金刚不坏·大	0	0	0	0	0	0	0	0	0	0	0	0	0	0	0	0	0	0	0	0	0	0	0	0	0	0	0	0	0	350	0	0	0	0	3	0	0	0	0	0	0	10	100	3	天梯赛时，物理暴击抵抗+350%（最终值）
87201133	精神干扰·小	0	0	0	0	0	0	0	0	0	0	0	0	0	0	0	0	0	0	0	0	0	0	0	0	0	0	0	0	0	0	0	0	50	0	3	0	"1,6,7"	0	0	2	0	10	20	3	天梯赛时，魔法暴击抵抗+50%（最终值）
87401134	精神干扰·中	0	0	0	0	0	0	0	0	0	0	0	0	0	0	0	0	0	0	0	0	0	0	0	0	0	0	0	0	0	0	0	0	150	0	3	0	"6,6,8"	0	0	2	0	10	50	3	天梯赛时，魔法暴击抵抗+150%（最终值）
87501135	精神干扰·大	0	0	0	0	0	0	0	0	0	0	0	0	0	0	0	0	0	0	0	0	0	0	0	0	0	0	0	0	0	0	0	0	350	0	3	0	0	0	0	0	0	10	100	3	天梯赛时，魔法暴击抵抗+350%（最终值）
87411136	胜利法则·小	0	0	0	0	0	40	0	0	0	0	0	0	0	0	0	0	0	0	0	0	0	0	0	0	0	0	0	0	0	0	0	0	0	1	3	0	"1,2,3,3,7"	0	0	0	0	10	50	1	天梯赛时，全队物理攻击力+40%（最终值）
87511137	胜利法则·中	0	0	0	0	0	150	0	0	0	0	0	0	0	0	0	0	0	0	0	0	0	0	0	0	0	0	0	0	0	0	0	0	0	1	3	0	0	0	0	0	0	10	100	1	天梯赛时，全队物理攻击力+150%（最终值）
87611138	胜利法则·大	0	0	0	0	0	200	0	0	0	0	0	0	0	0	0	0	0	0	0	0	0	0	0	0	0	0	0	0	0	0	0	0	0	1	3	0	0	0	0	0	0	10	150	1	天梯赛时，全队物理攻击力+200%（最终值）
87411139	不败之秘·小	0	0	0	0	0	0	0	0	0	0	0	50	0	0	0	0	0	0	0	0	0	0	0	0	0	0	0	0	0	0	0	0	0	1	3	0	"1,2,2,9"	0	0	1	0	10	50	1	天梯赛时，全队物理防御力+50%（最终值）
87511140	不败之秘·中	0	0	0	0	0	0	0	0	0	0	0	200	0	0	0	0	0	0	0	0	0	0	0	0	0	0	0	0	0	0	0	0	0	1	3	0	0	0	0	0	0	10	100	1	天梯赛时，全队物理防御力+200%（最终值）
87611141	不败之秘·大	0	0	0	0	0	0	0	0	0	0	0	350	0	0	0	0	0	0	0	0	0	0	0	0	0	0	0	0	0	0	0	0	0	1	3	0	0	0	0	0	0	10	150	1	天梯赛时，全队物理防御力+350%（最终值）
87411142	秘术卷宗·小	0	0	0	0	0	0	0	40	0	0	0	0	0	0	0	0	0	0	0	0	0	0	0	0	0	0	0	0	0	0	0	0	0	1	3	0	"2,2,3,5,11"	0	0	0	0	10	50	1	天梯赛时，全队魔法攻击力+40%（最终值）
87511143	秘术卷宗·中	0	0	0	0	0	0	0	150	0	0	0	0	0	0	0	0	0	0	0	0	0	0	0	0	0	0	0	0	0	0	0	0	0	1	3	0	0	0	0	0	0	10	100	1	天梯赛时，全队魔法攻击力+150%（最终值）
87611144	秘术卷宗·大	0	0	0	0	0	0	0	200	0	0	0	0	0	0	0	0	0	0	0	0	0	0	0	0	0	0	0	0	0	0	0	0	0	1	3	0	0	0	0	0	0	10	150	1	天梯赛时，全队魔法攻击力+200%（最终值）
87411145	扰敌秘籍·小	0	0	0	0	0	0	0	0	0	0	0	0	0	0	50	0	0	0	0	0	0	0	0	0	0	0	0	0	0	0	0	0	0	1	3	0	"1,3,3,4"	0	0	1	0	10	50	1	天梯赛时，全队魔法防御力+50%（最终值）
87511146	扰敌秘籍·中	0	0	0	0	0	0	0	0	0	0	0	0	0	0	200	0	0	0	0	0	0	0	0	0	0	0	0	0	0	0	0	0	0	1	3	0	0	0	0	0	0	10	100	1	天梯赛时，全队魔法防御力+200%（最终值）
87611147	扰敌秘籍·大	0	0	0	0	0	0	0	0	0	0	0	0	0	0	350	0	0	0	0	0	0	0	0	0	0	0	0	0	0	0	0	0	0	1	3	0	0	0	0	0	0	10	150	1	天梯赛时，全队魔法防御力+350%（最终值）
87411148	幸存之道·小	0	0	50	0	0	0	0	0	0	0	0	0	0	0	0	0	0	0	0	0	0	0	0	0	0	0	0	0	0	0	0	0	0	1	3	0	"1,3,3,5"	0	0	1	0	10	50	1	天梯赛时，全队生命上限+50%（最终值）
87511149	幸存之道·中	0	0	200	0	0	0	0	0	0	0	0	0	0	0	0	0	0	0	0	0	0	0	0	0	0	0	0	0	0	0	0	0	0	1	3	0	0	0	0	0	0	10	100	1	天梯赛时，全队生命上限+200%（最终值）
87611150	幸存之道·大	0	0	350	0	0	0	0	0	0	0	0	0	0	0	0	0	0	0	0	0	0	0	0	0	0	0	0	0	0	0	0	0	0	1	3	0	0	0	0	0	0	10	150	1	天梯赛时，全队生命上限+350%（最终值）
87211151	进攻艺术·小	0	0	0	0	0	0	0	0	0	0	0	0	0	0	0	0	0	40	0	0	0	0	0	0	0	0	0	0	0	0	0	0	0	1	3	0	"1,6,10"	0	0	2	0	10	50	1	天梯赛时，全队物理暴击率+40%（最终值）
87411152	进攻艺术·中	0	0	0	0	0	0	0	0	0	0	0	0	0	0	0	0	0	150	0	0	0	0	0	0	0	0	0	0	0	0	0	0	0	1	3	0	0	0	0	0	0	10	100	1	天梯赛时，全队物理暴击率+150%（最终值）
87511153	进攻艺术·大	0	0	0	0	0	0	0	0	0	0	0	0	0	0	0	0	0	200	0	0	0	0	0	0	0	0	0	0	0	0	0	0	0	1	3	0	0	0	0	0	0	10	150	1	天梯赛时，全队物理暴击率+200%（最终值）
87211154	施法心得·小	0	0	0	0	0	0	0	0	0	0	0	0	0	0	0	0	0	0	0	0	40	0	0	0	0	0	0	0	0	0	0	0	0	1	3	0	"1,6,11"	0	0	2	0	10	50	1	天梯赛时，全队魔法暴击率+40%（最终值）
87411155	施法心得·中	0	0	0	0	0	0	0	0	0	0	0	0	0	0	0	0	0	0	0	0	150	0	0	0	0	0	0	0	0	0	0	0	0	1	3	0	0	0	0	0	0	10	100	1	天梯赛时，全队魔法暴击率+150%（最终值）
87511156	施法心得·大	0	0	0	0	0	0	0	0	0	0	0	0	0	0	0	0	0	0	0	0	200	0	0	0	0	0	0	0	0	0	0	0	0	1	3	0	0	0	0	0	0	10	150	1	天梯赛时，全队魔法暴击率+200%（最终值）
87211157	防御艺术·小	0	0	0	0	0	0	0	0	0	0	0	0	0	0	0	0	0	0	0	0	0	0	0	0	0	0	0	0	0	50	0	0	0	1	3	0	"1,7,9"	0	0	2	0	10	50	1	天梯赛时，全队物理暴击抵抗+50%（最终值）
87411158	防御艺术·中	0	0	0	0	0	0	0	0	0	0	0	0	0	0	0	0	0	0	0	0	0	0	0	0	0	0	0	0	0	200	0	0	0	1	3	0	0	0	0	0	0	10	100	1	天梯赛时，全队物理暴击抵抗+200%（最终值）
87511159	防御艺术·大	0	0	0	0	0	0	0	0	0	0	0	0	0	0	0	0	0	0	0	0	0	0	0	0	0	0	0	0	0	350	0	0	0	1	3	0	0	0	0	0	0	10	150	1	天梯赛时，全队物理暴击抵抗+350%（最终值）
87211160	干扰艺术·小	0	0	0	0	0	0	0	0	0	0	0	0	0	0	0	0	0	0	0	0	0	0	0	0	0	0	0	0	0	0	0	0	50	1	3	0	"1,7,10"	0	0	2	0	10	50	1	天梯赛时，全队魔法暴击抵抗+50%（最终值）
87411161	干扰艺术·中	0	0	0	0	0	0	0	0	0	0	0	0	0	0	0	0	0	0	0	0	0	0	0	0	0	0	0	0	0	0	0	0	200	1	3	0	0	0	0	0	0	10	100	1	天梯赛时，全队魔法暴击抵抗+200%（最终值）
87511162	干扰艺术·大	0	0	0	0	0	0	0	0	0	0	0	0	0	0	0	0	0	0	0	0	0	0	0	0	0	0	0	0	0	0	0	0	350	1	3	0	0	0	0	0	0	10	150	1	天梯赛时，全队魔法暴击抵抗+350%（最终值）
87201163	天神下凡·小	0	0	15	0	0	15	0	0	15	0	0	15	0	0	15	0	0	15	0	0	15	0	0	15	0	0	15	0	0	15	0	0	15	0	3	0	"1,3,3,7"	0	0	1	0	10	20	3	天梯赛时，全属性+15%（最终值）
87401164	天神下凡·中	0	0	35	0	0	35	0	0	35	0	0	35	0	0	35	0	0	35	0	0	35	0	0	35	0	0	35	0	0	35	0	0	35	0	3	0	"1,4,8,9,10"	0	0	0	0	10	50	3	天梯赛时，全属性+35%（最终值）
87501165	天神下凡·大	0	0	90	0	0	90	0	0	90	0	0	90	0	0	90	0	0	90	0	0	90	0	0	90	0	0	90	0	0	90	0	0	90	0	3	0	0	0	0	0	0	10	100	3	天梯赛时，全属性+90%（最终值）
87411166	众神之战·小	0	0	15	0	0	15	0	0	15	0	0	15	0	0	15	0	0	15	0	0	15	0	0	15	0	0	15	0	0	15	0	0	15	1	3	0	"1,3,3,9"	0	0	1	0	10	50	3	天梯赛时，全队全属性+15%（最终值）
87511167	众神之战·中	0	0	40	0	0	40	0	0	40	0	0	40	0	0	40	0	0	40	0	0	40	0	0	40	0	0	40	0	0	40	0	0	40	1	3	0	"1,5,6,8,10"	0	0	0	0	10	100	3	天梯赛时，全队全属性+40%（最终值）
87611168	众神之战·大	0	0	100	0	0	100	0	0	100	0	0	100	0	0	100	0	0	100	0	0	100	0	0	100	0	0	100	0	0	100	0	0	100	1	3	0	0	0	0	0	0	10	150	3	天梯赛时，全队全属性+100%（最终值）
87201169	战神无双·小	0	0	10	0	0	10	0	0	10	0	0	10	0	0	10	0	0	10	0	0	10	0	0	10	0	0	10	0	0	10	0	0	10	0	3	0	"1,4,4,5"	0	0	1	0	20	20	1	天梯赛时，全属性+10%（最终值）
87401170	战神无双·中	0	0	25	0	0	25	0	0	25	0	0	25	0	0	25	0	0	25	0	0	25	0	0	25	0	0	25	0	0	25	0	0	25	0	3	0	"2,2,3,7,9"	0	0	0	0	20	50	1	天梯赛时，全属性+25%（最终值）
87501171	战神无双·大	0	0	70	0	0	70	0	0	70	0	0	70	0	0	70	0	0	70	0	0	70	0	0	70	0	0	70	0	0	70	0	0	70	0	3	0	0	0	0	0	0	20	100	1	天梯赛时，全属性+70%（最终值）
87411172	诸神黄昏·小	0	0	10	0	0	10	0	0	10	0	0	10	0	0	10	0	0	10	0	0	10	0	0	10	0	0	10	0	0	10	0	0	10	1	3	0	"1,4,4,6"	0	0	1	0	20	50	1	天梯赛时，全队全属性+10%（最终值）
87511173	诸神黄昏·中	0	0	40	0	0	40	0	0	40	0	0	40	0	0	40	0	0	40	0	0	40	0	0	40	0	0	40	0	0	40	0	0	40	1	3	0	"2,2,3,7,11"	0	0	0	0	20	100	1	天梯赛时，全队全属性+40%（最终值）
87611174	诸神黄昏·大	0	0	80	0	0	80	0	0	80	0	0	80	0	0	80	0	0	80	0	0	80	0	0	80	0	0	80	0	0	80	0	0	80	1	3	0	0	0	0	0	0	20	150	1	天梯赛时，全队全属性+80%（最终值）
87201175	无尽华尔兹·小	0	0	30	0	0	30	0	0	30	0	0	30	0	0	30	0	0	30	0	0	30	0	0	30	0	0	30	0	0	30	0	0	30	0	8	0	"8,8,9"	0	0	2	0	1	20	3	无尽回廊时，全属性+30%（最终值）
87401176	无尽华尔兹·中	0	0	55	0	0	55	0	0	55	0	0	55	0	0	55	0	0	55	0	0	55	0	0	55	0	0	55	0	0	55	0	0	55	0	8	0	"1,4,4,7"	0	0	1	0	1	50	3	无尽回廊时，全属性+55%（最终值）
87501177	无尽华尔兹·大	0	0	70	0	0	70	0	0	70	0	0	70	0	0	70	0	0	70	0	0	70	0	0	70	0	0	70	0	0	70	0	0	70	0	8	0	0	0	0	0	0	1	100	3	无尽回廊时，全属性+70%（最终值）
87211178	永恒交响曲·小	0	0	25	0	0	25	0	0	25	0	0	25	0	0	25	0	0	25	0	0	25	0	0	25	0	0	25	0	0	25	0	0	25	1	8	0	"2,2,3,3"	0	0	1	0	1	50	1	无尽回廊时，全队全属性+25%（最终值）
87411179	永恒交响曲·中	0	0	45	0	0	45	0	0	45	0	0	45	0	0	45	0	0	45	0	0	45	0	0	45	0	0	45	0	0	45	0	0	45	1	8	0	0	0	0	0	0	1	100	1	无尽回廊时，全队全属性+45%（最终值）
87511180	永恒交响曲·大	0	0	65	0	0	65	0	0	65	0	0	65	0	0	65	0	0	65	0	0	65	0	0	65	0	0	65	0	0	65	0	0	65	1	8	0	0	0	0	0	0	1	150	1	无尽回廊时，全队全属性+65%（最终值）
