表ID	类型	怪物强度	层数	怪物群	刷新时间	掉落数量	浮动比例	场景资源	生命增幅	怪物数量
ID	Tpye	Level	Number	Monster	Time	Money	Float	Map	Increase	Quantity
1	1	极易	1	501101;501102;501103	0	120	1000	0	0	5
2	1	极易	2	501101;501102;501103	0	120	1000	0	0	5
3	1	极易	3	501101;501102;501103	0	120	1000	0	0	5
4	1	极易	4	501101;501102;501103	10	120	1000	0	0	5
5	1	极易	5	501101;501102;501103	10	120	1000	0	0	5
6	1	极易	6	501101;501102;501103	10	120	1000	0	0	5
7	1	极易	7	501101;501102;501103	10	120	1000	0	0	5
8	1	极易	8	501101;501102;501103	10	120	1000	0	0	5
9	1	极易	9	501101;501102;501103	10	120	1000	0	0	5
10	1	极易	10	501101;501102;501103	10	120	1000	0	0	5
11	1	极易	11	501101;501102;501103	10	120	1000	0	0	5
12	1	极易	12	501101;501102;501103	10	120	1000	0	0	5
13	1	极易	13	501101;501102;501103	10	120	1000	0	0	5
14	1	极易	14	501101;501102;501103	10	120	1000	0	0	5
15	1	极易	15	501101;501102;501103	10	120	1000	0	0	5
16	1	极易	16	501101;501102;501103	10	120	1000	0	0	5
17	1	极易	17	501101;501102;501103	10	120	1000	0	0	5
18	1	极易	18	501101;501102;501103	10	120	1000	0	0	5
19	1	极易	19	501101;501102;501103	10	120	1000	0	0	5
20	1	极易	20	501101;501102;501103	10	120	1000	0	0	5
21	1	极易	21	501101;501102;501103	10	120	1000	0	0	5
22	1	极易	22	501101;501102;501103	10	120	1000	0	0	5
23	1	极易	23	501101;501102;501103	10	120	1000	0	0	5
24	1	极易	24	501101;501102;501103	10	120	1000	0	0	5
25	1	极易	25	501101;501102;501103	10	120	1000	0	0	5
26	1	极易	26	501101;501102;501103	10	120	1000	0	0	5
27	1	极易	27	501101;501102;501103	10	120	1000	0	0	5
28	1	极易	28	501101;501102;501103	10	120	1000	0	0	5
29	1	极易	29	501101;501102;501103	10	120	1000	0	0	5
30	1	极易	30	501101;501102;501103	10	120	1000	0	0	5
31	1	极易	31	501101;501102;501103	10	120	1000	0	0	5
32	1	极易	32	501101;501102;501103	10	120	1000	0	0	5
33	1	极易	33	501101;501102;501103	10	120	1000	0	0	5
34	1	极易	34	501101;501102;501103	10	120	1000	0	0	5
35	1	极易	35	501101;501102;501103	10	120	1000	0	0	5
36	1	极易	36	501101;501102;501103	10	120	1000	0	0	5
37	1	极易	37	501101;501102;501103	10	120	1000	0	0	5
38	1	极易	38	501101;501102;501103	10	120	1000	0	0	5
39	1	极易	39	501101;501102;501103	10	120	1000	0	0	5
40	1	极易	40	501101;501102;501103	10	120	1000	0	0	5
41	1	极易	41	501101;501102;501103	10	120	1000	0	0	5
42	1	极易	42	501101;501102;501103	10	120	1000	0	0	5
43	1	极易	43	501101;501102;501103	10	120	1000	0	0	5
44	1	极易	44	501101;501102;501103	10	120	1000	0	0	5
45	1	极易	45	501101;501102;501103	10	120	1000	0	0	5
46	1	极易	46	501101;501102;501103	10	120	1000	0	0	5
47	1	极易	47	501101;501102;501103	10	120	1000	0	0	5
48	1	极易	48	501101;501102;501103	10	120	1000	0	0	5
49	1	极易	49	501101;501102;501103	10	120	1000	0	0	5
50	1	极易	50	501101;501102;501103	10	120	1000	0	0	5
51	1	极易	51	501101;501102;501103	10	120	1000	0	0	5
52	1	极易	52	501101;501102;501103	10	120	1000	0	0	5
53	1	极易	53	501101;501102;501103	10	120	1000	0	0	5
54	1	极易	54	501101;501102;501103	10	120	1000	0	0	5
55	1	极易	55	501101;501102;501103	10	120	1000	0	0	5
56	1	极易	56	501101;501102;501103	10	120	1000	0	0	5
57	1	极易	57	501101;501102;501103	10	120	1000	0	0	5
58	1	极易	58	501101;501102;501103	10	120	1000	0	0	5
59	1	极易	59	501101;501102;501103	10	120	1000	0	0	5
60	1	极易	60	501101;501102;501103	10	120	1000	0	0	5
61	1	极易	61	501101;501102;501103	10	120	1000	0	0	5
62	1	极易	62	501101;501102;501103	10	120	1000	0	0	5
63	1	极易	63	501101;501102;501103	10	120	1000	0	0	5
64	1	极易	64	501101;501102;501103	10	120	1000	0	0	5
65	1	极易	65	501101;501102;501103	10	120	1000	0	0	5
66	1	极易	66	501101;501102;501103	10	120	1000	0	0	5
67	1	极易	67	501101;501102;501103	10	120	1000	0	0	5
68	1	极易	68	501101;501102;501103	10	120	1000	0	0	5
69	1	极易	69	501101;501102;501103	10	120	1000	0	0	5
70	1	极易	70	501101;501102;501103	10	120	1000	0	0	5
71	1	极易	71	501101;501102;501103	10	120	1000	0	0	5
72	1	极易	72	501101;501102;501103	10	120	1000	0	0	5
73	1	极易	73	501101;501102;501103	10	120	1000	0	0	5
74	1	极易	74	501101;501102;501103	10	120	1000	0	0	5
75	1	极易	75	501101;501102;501103	10	120	1000	0	0	5
76	1	极易	76	501101;501102;501103	10	120	1000	0	0	5
77	1	极易	77	501101;501102;501103	10	120	1000	0	0	5
78	1	极易	78	501101;501102;501103	10	120	1000	0	0	5
79	1	极易	79	501101;501102;501103	10	120	1000	0	0	5
80	1	极易	80	501101;501102;501103	10	120	1000	0	0	5
81	1	极易	81	501101;501102;501103	10	120	1000	0	0	5
82	1	极易	82	501101;501102;501103	10	120	1000	0	0	5
83	1	极易	83	501101;501102;501103	10	120	1000	0	0	5
84	1	极易	84	501101;501102;501103	10	120	1000	0	0	5
85	1	极易	85	501101;501102;501103	10	120	1000	0	0	5
86	1	极易	86	501101;501102;501103	10	120	1000	0	0	5
87	1	极易	87	501101;501102;501103	10	120	1000	0	0	5
88	1	极易	88	501101;501102;501103	10	120	1000	0	0	5
89	1	极易	89	501101;501102;501103	10	120	1000	0	0	5
90	1	极易	90	501101;501102;501103	10	120	1000	0	0	5
91	2	简单	1	501201;501202;501203	10	240	1000	0	0	5
92	2	简单	2	501201;501202;501203	10	240	1000	0	0	5
93	2	简单	3	501201;501202;501203	10	240	1000	0	0	5
94	2	简单	4	501201;501202;501203	10	240	1000	0	0	5
95	2	简单	5	501201;501202;501203	10	240	1000	0	0	5
96	2	简单	6	501201;501202;501203	10	240	1000	0	0	5
97	2	简单	7	501201;501202;501203	10	240	1000	0	0	5
98	2	简单	8	501201;501202;501203	10	240	1000	0	0	5
99	2	简单	9	501201;501202;501203	10	240	1000	0	0	5
100	2	简单	10	501201;501202;501203	10	240	1000	0	0	5
101	2	简单	11	501201;501202;501203	10	240	1000	0	0	5
102	2	简单	12	501201;501202;501203	10	240	1000	0	0	5
103	2	简单	13	501201;501202;501203	10	240	1000	0	0	5
104	2	简单	14	501201;501202;501203	10	240	1000	0	0	5
105	2	简单	15	501201;501202;501203	10	240	1000	0	0	5
106	2	简单	16	501201;501202;501203	10	240	1000	0	0	5
107	2	简单	17	501201;501202;501203	10	240	1000	0	0	5
108	2	简单	18	501201;501202;501203	10	240	1000	0	0	5
109	2	简单	19	501201;501202;501203	10	240	1000	0	0	5
110	2	简单	20	501201;501202;501203	10	240	1000	0	0	5
111	2	简单	21	501201;501202;501203	10	240	1000	0	0	5
112	2	简单	22	501201;501202;501203	10	240	1000	0	0	5
113	2	简单	23	501201;501202;501203	10	240	1000	0	0	5
114	2	简单	24	501201;501202;501203	10	240	1000	0	0	5
115	2	简单	25	501201;501202;501203	10	240	1000	0	0	5
116	2	简单	26	501201;501202;501203	10	240	1000	0	0	5
117	2	简单	27	501201;501202;501203	10	240	1000	0	0	5
118	2	简单	28	501201;501202;501203	10	240	1000	0	0	5
119	2	简单	29	501201;501202;501203	10	240	1000	0	0	5
120	2	简单	30	501201;501202;501203	10	240	1000	0	0	5
121	2	简单	31	501201;501202;501203	10	240	1000	0	0	5
122	2	简单	32	501201;501202;501203	10	240	1000	0	0	5
123	2	简单	33	501201;501202;501203	10	240	1000	0	0	5
124	2	简单	34	501201;501202;501203	10	240	1000	0	0	5
125	2	简单	35	501201;501202;501203	10	240	1000	0	0	5
126	2	简单	36	501201;501202;501203	10	240	1000	0	0	5
127	2	简单	37	501201;501202;501203	10	240	1000	0	0	5
128	2	简单	38	501201;501202;501203	10	240	1000	0	0	5
129	2	简单	39	501201;501202;501203	10	240	1000	0	0	5
130	2	简单	40	501201;501202;501203	10	240	1000	0	0	5
131	2	简单	41	501201;501202;501203	10	240	1000	0	0	5
132	2	简单	42	501201;501202;501203	10	240	1000	0	0	5
133	2	简单	43	501201;501202;501203	10	240	1000	0	0	5
134	2	简单	44	501201;501202;501203	10	240	1000	0	0	5
135	2	简单	45	501201;501202;501203	10	240	1000	0	0	5
136	2	简单	46	501201;501202;501203	10	240	1000	0	0	5
137	2	简单	47	501201;501202;501203	10	240	1000	0	0	5
138	2	简单	48	501201;501202;501203	10	240	1000	0	0	5
139	2	简单	49	501201;501202;501203	10	240	1000	0	0	5
140	2	简单	50	501201;501202;501203	10	240	1000	0	0	5
141	2	简单	51	501201;501202;501203	10	240	1000	0	0	5
142	2	简单	52	501201;501202;501203	10	240	1000	0	0	5
143	2	简单	53	501201;501202;501203	10	240	1000	0	0	5
144	2	简单	54	501201;501202;501203	10	240	1000	0	0	5
145	2	简单	55	501201;501202;501203	10	240	1000	0	0	5
146	2	简单	56	501201;501202;501203	10	240	1000	0	0	5
147	2	简单	57	501201;501202;501203	10	240	1000	0	0	5
148	2	简单	58	501201;501202;501203	10	240	1000	0	0	5
149	2	简单	59	501201;501202;501203	10	240	1000	0	0	5
150	2	简单	60	501201;501202;501203	10	240	1000	0	0	5
151	2	简单	61	501201;501202;501203	10	240	1000	0	0	5
152	2	简单	62	501201;501202;501203	10	240	1000	0	0	5
153	2	简单	63	501201;501202;501203	10	240	1000	0	0	5
154	2	简单	64	501201;501202;501203	10	240	1000	0	0	5
155	2	简单	65	501201;501202;501203	10	240	1000	0	0	5
156	2	简单	66	501201;501202;501203	10	240	1000	0	0	5
157	2	简单	67	501201;501202;501203	10	240	1000	0	0	5
158	2	简单	68	501201;501202;501203	10	240	1000	0	0	5
159	2	简单	69	501201;501202;501203	10	240	1000	0	0	5
160	2	简单	70	501201;501202;501203	10	240	1000	0	0	5
161	2	简单	71	501201;501202;501203	10	240	1000	0	0	5
162	2	简单	72	501201;501202;501203	10	240	1000	0	0	5
163	2	简单	73	501201;501202;501203	10	240	1000	0	0	5
164	2	简单	74	501201;501202;501203	10	240	1000	0	0	5
165	2	简单	75	501201;501202;501203	10	240	1000	0	0	5
166	2	简单	76	501201;501202;501203	10	240	1000	0	0	5
167	2	简单	77	501201;501202;501203	10	240	1000	0	0	5
168	2	简单	78	501201;501202;501203	10	240	1000	0	0	5
169	2	简单	79	501201;501202;501203	10	240	1000	0	0	5
170	2	简单	80	501201;501202;501203	10	240	1000	0	0	5
171	2	简单	81	501201;501202;501203	10	240	1000	0	0	5
172	2	简单	82	501201;501202;501203	10	240	1000	0	0	5
173	2	简单	83	501201;501202;501203	10	240	1000	0	0	5
174	2	简单	84	501201;501202;501203	10	240	1000	0	0	5
175	2	简单	85	501201;501202;501203	10	240	1000	0	0	5
176	2	简单	86	501201;501202;501203	10	240	1000	0	0	5
177	2	简单	87	501201;501202;501203	10	240	1000	0	0	5
178	2	简单	88	501201;501202;501203	10	240	1000	0	0	5
179	2	简单	89	501201;501202;501203	10	240	1000	0	0	5
180	2	简单	90	501201;501202;501203	10	240	1000	0	0	5
181	3	一般	1	501301;501302;501303	10	400	1000	0	0	5
182	3	一般	2	501301;501302;501303	10	400	1000	0	0	5
183	3	一般	3	501301;501302;501303	10	400	1000	0	0	5
184	3	一般	4	501301;501302;501303	10	400	1000	0	0	5
185	3	一般	5	501301;501302;501303	10	400	1000	0	0	5
186	3	一般	6	501301;501302;501303	10	400	1000	0	0	5
187	3	一般	7	501301;501302;501303	10	400	1000	0	0	5
188	3	一般	8	501301;501302;501303	10	400	1000	0	0	5
189	3	一般	9	501301;501302;501303	10	400	1000	0	0	5
190	3	一般	10	501301;501302;501303	10	400	1000	0	0	5
191	3	一般	11	501301;501302;501303	10	400	1000	0	0	5
192	3	一般	12	501301;501302;501303	10	400	1000	0	0	5
193	3	一般	13	501301;501302;501303	10	400	1000	0	0	5
194	3	一般	14	501301;501302;501303	10	400	1000	0	0	5
195	3	一般	15	501301;501302;501303	10	400	1000	0	0	5
196	3	一般	16	501301;501302;501303	10	400	1000	0	0	5
197	3	一般	17	501301;501302;501303	10	400	1000	0	0	5
198	3	一般	18	501301;501302;501303	10	400	1000	0	0	5
199	3	一般	19	501301;501302;501303	10	400	1000	0	0	5
200	3	一般	20	501301;501302;501303	10	400	1000	0	0	5
201	3	一般	21	501301;501302;501303	10	400	1000	0	0	5
202	3	一般	22	501301;501302;501303	10	400	1000	0	0	5
203	3	一般	23	501301;501302;501303	10	400	1000	0	0	5
204	3	一般	24	501301;501302;501303	10	400	1000	0	0	5
205	3	一般	25	501301;501302;501303	10	400	1000	0	0	5
206	3	一般	26	501301;501302;501303	10	400	1000	0	0	5
207	3	一般	27	501301;501302;501303	10	400	1000	0	0	5
208	3	一般	28	501301;501302;501303	10	400	1000	0	0	5
209	3	一般	29	501301;501302;501303	10	400	1000	0	0	5
210	3	一般	30	501301;501302;501303	10	400	1000	0	0	5
211	3	一般	31	501301;501302;501303	10	400	1000	0	0	5
212	3	一般	32	501301;501302;501303	10	400	1000	0	0	5
213	3	一般	33	501301;501302;501303	10	400	1000	0	0	5
214	3	一般	34	501301;501302;501303	10	400	1000	0	0	5
215	3	一般	35	501301;501302;501303	10	400	1000	0	0	5
216	3	一般	36	501301;501302;501303	10	400	1000	0	0	5
217	3	一般	37	501301;501302;501303	10	400	1000	0	0	5
218	3	一般	38	501301;501302;501303	10	400	1000	0	0	5
219	3	一般	39	501301;501302;501303	10	400	1000	0	0	5
220	3	一般	40	501301;501302;501303	10	400	1000	0	0	5
221	3	一般	41	501301;501302;501303	10	400	1000	0	0	5
222	3	一般	42	501301;501302;501303	10	400	1000	0	0	5
223	3	一般	43	501301;501302;501303	10	400	1000	0	0	5
224	3	一般	44	501301;501302;501303	10	400	1000	0	0	5
225	3	一般	45	501301;501302;501303	10	400	1000	0	0	5
226	3	一般	46	501301;501302;501303	10	400	1000	0	0	5
227	3	一般	47	501301;501302;501303	10	400	1000	0	0	5
228	3	一般	48	501301;501302;501303	10	400	1000	0	0	5
229	3	一般	49	501301;501302;501303	10	400	1000	0	0	5
230	3	一般	50	501301;501302;501303	10	400	1000	0	0	5
231	3	一般	51	501301;501302;501303	10	400	1000	0	0	5
232	3	一般	52	501301;501302;501303	10	400	1000	0	0	5
233	3	一般	53	501301;501302;501303	10	400	1000	0	0	5
234	3	一般	54	501301;501302;501303	10	400	1000	0	0	5
235	3	一般	55	501301;501302;501303	10	400	1000	0	0	5
236	3	一般	56	501301;501302;501303	10	400	1000	0	0	5
237	3	一般	57	501301;501302;501303	10	400	1000	0	0	5
238	3	一般	58	501301;501302;501303	10	400	1000	0	0	5
239	3	一般	59	501301;501302;501303	10	400	1000	0	0	5
240	3	一般	60	501301;501302;501303	10	400	1000	0	0	5
241	3	一般	61	501301;501302;501303	10	400	1000	0	0	5
242	3	一般	62	501301;501302;501303	10	400	1000	0	0	5
243	3	一般	63	501301;501302;501303	10	400	1000	0	0	5
244	3	一般	64	501301;501302;501303	10	400	1000	0	0	5
245	3	一般	65	501301;501302;501303	10	400	1000	0	0	5
246	3	一般	66	501301;501302;501303	10	400	1000	0	0	5
247	3	一般	67	501301;501302;501303	10	400	1000	0	0	5
248	3	一般	68	501301;501302;501303	10	400	1000	0	0	5
249	3	一般	69	501301;501302;501303	10	400	1000	0	0	5
250	3	一般	70	501301;501302;501303	10	400	1000	0	0	5
251	3	一般	71	501301;501302;501303	10	400	1000	0	0	5
252	3	一般	72	501301;501302;501303	10	400	1000	0	0	5
253	3	一般	73	501301;501302;501303	10	400	1000	0	0	5
254	3	一般	74	501301;501302;501303	10	400	1000	0	0	5
255	3	一般	75	501301;501302;501303	10	400	1000	0	0	5
256	3	一般	76	501301;501302;501303	10	400	1000	0	0	5
257	3	一般	77	501301;501302;501303	10	400	1000	0	0	5
258	3	一般	78	501301;501302;501303	10	400	1000	0	0	5
259	3	一般	79	501301;501302;501303	10	400	1000	0	0	5
260	3	一般	80	501301;501302;501303	10	400	1000	0	0	5
261	3	一般	81	501301;501302;501303	10	400	1000	0	0	5
262	3	一般	82	501301;501302;501303	10	400	1000	0	0	5
263	3	一般	83	501301;501302;501303	10	400	1000	0	0	5
264	3	一般	84	501301;501302;501303	10	400	1000	0	0	5
265	3	一般	85	501301;501302;501303	10	400	1000	0	0	5
266	3	一般	86	501301;501302;501303	10	400	1000	0	0	5
267	3	一般	87	501301;501302;501303	10	400	1000	0	0	5
268	3	一般	88	501301;501302;501303	10	400	1000	0	0	5
269	3	一般	89	501301;501302;501303	10	400	1000	0	0	5
270	3	一般	90	501301;501302;501303	10	400	1000	0	0	5
271	4	困难	1	501401;501402;501403	10	800	1000	0	0	5
272	4	困难	2	501401;501402;501403	10	800	1000	0	0	5
273	4	困难	3	501401;501402;501403	10	800	1000	0	0	5
274	4	困难	4	501401;501402;501403	10	800	1000	0	0	5
275	4	困难	5	501401;501402;501403	10	800	1000	0	0	5
276	4	困难	6	501401;501402;501403	10	800	1000	0	0	5
277	4	困难	7	501401;501402;501403	10	800	1000	0	0	5
278	4	困难	8	501401;501402;501403	10	800	1000	0	0	5
279	4	困难	9	501401;501402;501403	10	800	1000	0	0	5
280	4	困难	10	501401;501402;501403	10	800	1000	0	0	5
281	4	困难	11	501401;501402;501403	10	800	1000	0	0	5
282	4	困难	12	501401;501402;501403	10	800	1000	0	0	5
283	4	困难	13	501401;501402;501403	10	800	1000	0	0	5
284	4	困难	14	501401;501402;501403	10	800	1000	0	0	5
285	4	困难	15	501401;501402;501403	10	800	1000	0	0	5
286	4	困难	16	501401;501402;501403	10	800	1000	0	0	5
287	4	困难	17	501401;501402;501403	10	800	1000	0	0	5
288	4	困难	18	501401;501402;501403	10	800	1000	0	0	5
289	4	困难	19	501401;501402;501403	10	800	1000	0	0	5
290	4	困难	20	501401;501402;501403	10	800	1000	0	0	5
291	4	困难	21	501401;501402;501403	10	800	1000	0	0	5
292	4	困难	22	501401;501402;501403	10	800	1000	0	0	5
293	4	困难	23	501401;501402;501403	10	800	1000	0	0	5
294	4	困难	24	501401;501402;501403	10	800	1000	0	0	5
295	4	困难	25	501401;501402;501403	10	800	1000	0	0	5
296	4	困难	26	501401;501402;501403	10	800	1000	0	0	5
297	4	困难	27	501401;501402;501403	10	800	1000	0	0	5
298	4	困难	28	501401;501402;501403	10	800	1000	0	0	5
299	4	困难	29	501401;501402;501403	10	800	1000	0	0	5
300	4	困难	30	501401;501402;501403	10	800	1000	0	0	5
301	4	困难	31	501401;501402;501403	10	800	1000	0	0	5
302	4	困难	32	501401;501402;501403	10	800	1000	0	0	5
303	4	困难	33	501401;501402;501403	10	800	1000	0	0	5
304	4	困难	34	501401;501402;501403	10	800	1000	0	0	5
305	4	困难	35	501401;501402;501403	10	800	1000	0	0	5
306	4	困难	36	501401;501402;501403	10	800	1000	0	0	5
307	4	困难	37	501401;501402;501403	10	800	1000	0	0	5
308	4	困难	38	501401;501402;501403	10	800	1000	0	0	5
309	4	困难	39	501401;501402;501403	10	800	1000	0	0	5
310	4	困难	40	501401;501402;501403	10	800	1000	0	0	5
311	4	困难	41	501401;501402;501403	10	800	1000	0	0	5
312	4	困难	42	501401;501402;501403	10	800	1000	0	0	5
313	4	困难	43	501401;501402;501403	10	800	1000	0	0	5
314	4	困难	44	501401;501402;501403	10	800	1000	0	0	5
315	4	困难	45	501401;501402;501403	10	800	1000	0	0	5
316	4	困难	46	501401;501402;501403	10	800	1000	0	0	5
317	4	困难	47	501401;501402;501403	10	800	1000	0	0	5
318	4	困难	48	501401;501402;501403	10	800	1000	0	0	5
319	4	困难	49	501401;501402;501403	10	800	1000	0	0	5
320	4	困难	50	501401;501402;501403	10	800	1000	0	0	5
321	4	困难	51	501401;501402;501403	10	800	1000	0	0	5
322	4	困难	52	501401;501402;501403	10	800	1000	0	0	5
323	4	困难	53	501401;501402;501403	10	800	1000	0	0	5
324	4	困难	54	501401;501402;501403	10	800	1000	0	0	5
325	4	困难	55	501401;501402;501403	10	800	1000	0	0	5
326	4	困难	56	501401;501402;501403	10	800	1000	0	0	5
327	4	困难	57	501401;501402;501403	10	800	1000	0	0	5
328	4	困难	58	501401;501402;501403	10	800	1000	0	0	5
329	4	困难	59	501401;501402;501403	10	800	1000	0	0	5
330	4	困难	60	501401;501402;501403	10	800	1000	0	0	5
331	4	困难	61	501401;501402;501403	10	800	1000	0	0	5
332	4	困难	62	501401;501402;501403	10	800	1000	0	0	5
333	4	困难	63	501401;501402;501403	10	800	1000	0	0	5
334	4	困难	64	501401;501402;501403	10	800	1000	0	0	5
335	4	困难	65	501401;501402;501403	10	800	1000	0	0	5
336	4	困难	66	501401;501402;501403	10	800	1000	0	0	5
337	4	困难	67	501401;501402;501403	10	800	1000	0	0	5
338	4	困难	68	501401;501402;501403	10	800	1000	0	0	5
339	4	困难	69	501401;501402;501403	10	800	1000	0	0	5
340	4	困难	70	501401;501402;501403	10	800	1000	0	0	5
341	4	困难	71	501401;501402;501403	10	800	1000	0	0	5
342	4	困难	72	501401;501402;501403	10	800	1000	0	0	5
343	4	困难	73	501401;501402;501403	10	800	1000	0	0	5
344	4	困难	74	501401;501402;501403	10	800	1000	0	0	5
345	4	困难	75	501401;501402;501403	10	800	1000	0	0	5
346	4	困难	76	501401;501402;501403	10	800	1000	0	0	5
347	4	困难	77	501401;501402;501403	10	800	1000	0	0	5
348	4	困难	78	501401;501402;501403	10	800	1000	0	0	5
349	4	困难	79	501401;501402;501403	10	800	1000	0	0	5
350	4	困难	80	501401;501402;501403	10	800	1000	0	0	5
351	4	困难	81	501401;501402;501403	10	800	1000	0	0	5
352	4	困难	82	501401;501402;501403	10	800	1000	0	0	5
353	4	困难	83	501401;501402;501403	10	800	1000	0	0	5
354	4	困难	84	501401;501402;501403	10	800	1000	0	0	5
355	4	困难	85	501401;501402;501403	10	800	1000	0	0	5
356	4	困难	86	501401;501402;501403	10	800	1000	0	0	5
357	4	困难	87	501401;501402;501403	10	800	1000	0	0	5
358	4	困难	88	501401;501402;501403	10	800	1000	0	0	5
359	4	困难	89	501401;501402;501403	10	800	1000	0	0	5
360	4	困难	90	501401;501402;501403	10	800	1000	0	0	5
361	5	噩梦	1	501501;501502;501503	10	1600	1000	0	0	5
362	5	噩梦	2	501501;501502;501503	10	1600	1000	0	0	5
363	5	噩梦	3	501501;501502;501503	10	1600	1000	0	0	5
364	5	噩梦	4	501501;501502;501503	10	1600	1000	0	0	5
365	5	噩梦	5	501501;501502;501503	10	1600	1000	0	0	5
366	5	噩梦	6	501501;501502;501503	10	1600	1000	0	0	5
367	5	噩梦	7	501501;501502;501503	10	1600	1000	0	0	5
368	5	噩梦	8	501501;501502;501503	10	1600	1000	0	0	5
369	5	噩梦	9	501501;501502;501503	10	1600	1000	0	0	5
370	5	噩梦	10	501501;501502;501503	10	1600	1000	0	0	5
371	5	噩梦	11	501501;501502;501503	10	1600	1000	0	0	5
372	5	噩梦	12	501501;501502;501503	10	1600	1000	0	0	5
373	5	噩梦	13	501501;501502;501503	10	1600	1000	0	0	5
374	5	噩梦	14	501501;501502;501503	10	1600	1000	0	0	5
375	5	噩梦	15	501501;501502;501503	10	1600	1000	0	0	5
376	5	噩梦	16	501501;501502;501503	10	1600	1000	0	0	5
377	5	噩梦	17	501501;501502;501503	10	1600	1000	0	0	5
378	5	噩梦	18	501501;501502;501503	10	1600	1000	0	0	5
379	5	噩梦	19	501501;501502;501503	10	1600	1000	0	0	5
380	5	噩梦	20	501501;501502;501503	10	1600	1000	0	0	5
381	5	噩梦	21	501501;501502;501503	10	1600	1000	0	0	5
382	5	噩梦	22	501501;501502;501503	10	1600	1000	0	0	5
383	5	噩梦	23	501501;501502;501503	10	1600	1000	0	0	5
384	5	噩梦	24	501501;501502;501503	10	1600	1000	0	0	5
385	5	噩梦	25	501501;501502;501503	10	1600	1000	0	0	5
386	5	噩梦	26	501501;501502;501503	10	1600	1000	0	0	5
387	5	噩梦	27	501501;501502;501503	10	1600	1000	0	0	5
388	5	噩梦	28	501501;501502;501503	10	1600	1000	0	0	5
389	5	噩梦	29	501501;501502;501503	10	1600	1000	0	0	5
390	5	噩梦	30	501501;501502;501503	10	1600	1000	0	0	5
391	5	噩梦	31	501501;501502;501503	10	1600	1000	0	0	5
392	5	噩梦	32	501501;501502;501503	10	1600	1000	0	0	5
393	5	噩梦	33	501501;501502;501503	10	1600	1000	0	0	5
394	5	噩梦	34	501501;501502;501503	10	1600	1000	0	0	5
395	5	噩梦	35	501501;501502;501503	10	1600	1000	0	0	5
396	5	噩梦	36	501501;501502;501503	10	1600	1000	0	0	5
397	5	噩梦	37	501501;501502;501503	10	1600	1000	0	0	5
398	5	噩梦	38	501501;501502;501503	10	1600	1000	0	0	5
399	5	噩梦	39	501501;501502;501503	10	1600	1000	0	0	5
400	5	噩梦	40	501501;501502;501503	10	1600	1000	0	0	5
401	5	噩梦	41	501501;501502;501503	10	1600	1000	0	0	5
402	5	噩梦	42	501501;501502;501503	10	1600	1000	0	0	5
403	5	噩梦	43	501501;501502;501503	10	1600	1000	0	0	5
404	5	噩梦	44	501501;501502;501503	10	1600	1000	0	0	5
405	5	噩梦	45	501501;501502;501503	10	1600	1000	0	0	5
406	5	噩梦	46	501501;501502;501503	10	1600	1000	0	0	5
407	5	噩梦	47	501501;501502;501503	10	1600	1000	0	0	5
408	5	噩梦	48	501501;501502;501503	10	1600	1000	0	0	5
409	5	噩梦	49	501501;501502;501503	10	1600	1000	0	0	5
410	5	噩梦	50	501501;501502;501503	10	1600	1000	0	0	5
411	5	噩梦	51	501501;501502;501503	10	1600	1000	0	0	5
412	5	噩梦	52	501501;501502;501503	10	1600	1000	0	0	5
413	5	噩梦	53	501501;501502;501503	10	1600	1000	0	0	5
414	5	噩梦	54	501501;501502;501503	10	1600	1000	0	0	5
415	5	噩梦	55	501501;501502;501503	10	1600	1000	0	0	5
416	5	噩梦	56	501501;501502;501503	10	1600	1000	0	0	5
417	5	噩梦	57	501501;501502;501503	10	1600	1000	0	0	5
418	5	噩梦	58	501501;501502;501503	10	1600	1000	0	0	5
419	5	噩梦	59	501501;501502;501503	10	1600	1000	0	0	5
420	5	噩梦	60	501501;501502;501503	10	1600	1000	0	0	5
421	5	噩梦	61	501501;501502;501503	10	1600	1000	0	0	5
422	5	噩梦	62	501501;501502;501503	10	1600	1000	0	0	5
423	5	噩梦	63	501501;501502;501503	10	1600	1000	0	0	5
424	5	噩梦	64	501501;501502;501503	10	1600	1000	0	0	5
425	5	噩梦	65	501501;501502;501503	10	1600	1000	0	0	5
426	5	噩梦	66	501501;501502;501503	10	1600	1000	0	0	5
427	5	噩梦	67	501501;501502;501503	10	1600	1000	0	0	5
428	5	噩梦	68	501501;501502;501503	10	1600	1000	0	0	5
429	5	噩梦	69	501501;501502;501503	10	1600	1000	0	0	5
430	5	噩梦	70	501501;501502;501503	10	1600	1000	0	0	5
431	5	噩梦	71	501501;501502;501503	10	1600	1000	0	0	5
432	5	噩梦	72	501501;501502;501503	10	1600	1000	0	0	5
433	5	噩梦	73	501501;501502;501503	10	1600	1000	0	0	5
434	5	噩梦	74	501501;501502;501503	10	1600	1000	0	0	5
435	5	噩梦	75	501501;501502;501503	10	1600	1000	0	0	5
436	5	噩梦	76	501501;501502;501503	10	1600	1000	0	0	5
437	5	噩梦	77	501501;501502;501503	10	1600	1000	0	0	5
438	5	噩梦	78	501501;501502;501503	10	1600	1000	0	0	5
439	5	噩梦	79	501501;501502;501503	10	1600	1000	0	0	5
440	5	噩梦	80	501501;501502;501503	10	1600	1000	0	0	5
441	5	噩梦	81	501501;501502;501503	10	1600	1000	0	0	5
442	5	噩梦	82	501501;501502;501503	10	1600	1000	0	0	5
443	5	噩梦	83	501501;501502;501503	10	1600	1000	0	0	5
444	5	噩梦	84	501501;501502;501503	10	1600	1000	0	0	5
445	5	噩梦	85	501501;501502;501503	10	1600	1000	0	0	5
446	5	噩梦	86	501501;501502;501503	10	1600	1000	0	0	5
447	5	噩梦	87	501501;501502;501503	10	1600	1000	0	0	5
448	5	噩梦	88	501501;501502;501503	10	1600	1000	0	0	5
449	5	噩梦	89	501501;501502;501503	10	1600	1000	0	0	5
450	5	噩梦	90	501501;501502;501503	10	1600	1000	0	0	5
451	6	地狱	1	501601;501602;501603	10	3200	1000	0	0	5
452	6	地狱	2	501601;501602;501603	10	3200	1000	0	0	5
453	6	地狱	3	501601;501602;501603	10	3200	1000	0	0	5
454	6	地狱	4	501601;501602;501603	10	3200	1000	0	0	5
455	6	地狱	5	501601;501602;501603	10	3200	1000	0	0	5
456	6	地狱	6	501601;501602;501603	10	3200	1000	0	0	5
457	6	地狱	7	501601;501602;501603	10	3200	1000	0	0	5
458	6	地狱	8	501601;501602;501603	10	3200	1000	0	0	5
459	6	地狱	9	501601;501602;501603	10	3200	1000	0	0	5
460	6	地狱	10	501601;501602;501603	10	3200	1000	0	0	5
461	6	地狱	11	501601;501602;501603	10	3200	1000	0	0	5
462	6	地狱	12	501601;501602;501603	10	3200	1000	0	0	5
463	6	地狱	13	501601;501602;501603	10	3200	1000	0	0	5
464	6	地狱	14	501601;501602;501603	10	3200	1000	0	0	5
465	6	地狱	15	501601;501602;501603	10	3200	1000	0	0	5
466	6	地狱	16	501601;501602;501603	10	3200	1000	0	0	5
467	6	地狱	17	501601;501602;501603	10	3200	1000	0	0	5
468	6	地狱	18	501601;501602;501603	10	3200	1000	0	0	5
469	6	地狱	19	501601;501602;501603	10	3200	1000	0	0	5
470	6	地狱	20	501601;501602;501603	10	3200	1000	0	0	5
471	6	地狱	21	501601;501602;501603	10	3200	1000	0	0	5
472	6	地狱	22	501601;501602;501603	10	3200	1000	0	0	5
473	6	地狱	23	501601;501602;501603	10	3200	1000	0	0	5
474	6	地狱	24	501601;501602;501603	10	3200	1000	0	0	5
475	6	地狱	25	501601;501602;501603	10	3200	1000	0	0	5
476	6	地狱	26	501601;501602;501603	10	3200	1000	0	0	5
477	6	地狱	27	501601;501602;501603	10	3200	1000	0	0	5
478	6	地狱	28	501601;501602;501603	10	3200	1000	0	0	5
479	6	地狱	29	501601;501602;501603	10	3200	1000	0	0	5
480	6	地狱	30	501601;501602;501603	10	3200	1000	0	0	5
481	6	地狱	31	501601;501602;501603	10	3200	1000	0	0	5
482	6	地狱	32	501601;501602;501603	10	3200	1000	0	0	5
483	6	地狱	33	501601;501602;501603	10	3200	1000	0	0	5
484	6	地狱	34	501601;501602;501603	10	3200	1000	0	0	5
485	6	地狱	35	501601;501602;501603	10	3200	1000	0	0	5
486	6	地狱	36	501601;501602;501603	10	3200	1000	0	0	5
487	6	地狱	37	501601;501602;501603	10	3200	1000	0	0	5
488	6	地狱	38	501601;501602;501603	10	3200	1000	0	0	5
489	6	地狱	39	501601;501602;501603	10	3200	1000	0	0	5
490	6	地狱	40	501601;501602;501603	10	3200	1000	0	0	5
491	6	地狱	41	501601;501602;501603	10	3200	1000	0	0	5
492	6	地狱	42	501601;501602;501603	10	3200	1000	0	0	5
493	6	地狱	43	501601;501602;501603	10	3200	1000	0	0	5
494	6	地狱	44	501601;501602;501603	10	3200	1000	0	0	5
495	6	地狱	45	501601;501602;501603	10	3200	1000	0	0	5
496	6	地狱	46	501601;501602;501603	10	3200	1000	0	0	5
497	6	地狱	47	501601;501602;501603	10	3200	1000	0	0	5
498	6	地狱	48	501601;501602;501603	10	3200	1000	0	0	5
499	6	地狱	49	501601;501602;501603	10	3200	1000	0	0	5
500	6	地狱	50	501601;501602;501603	10	3200	1000	0	0	5
501	6	地狱	51	501601;501602;501603	10	3200	1000	0	0	5
502	6	地狱	52	501601;501602;501603	10	3200	1000	0	0	5
503	6	地狱	53	501601;501602;501603	10	3200	1000	0	0	5
504	6	地狱	54	501601;501602;501603	10	3200	1000	0	0	5
505	6	地狱	55	501601;501602;501603	10	3200	1000	0	0	5
506	6	地狱	56	501601;501602;501603	10	3200	1000	0	0	5
507	6	地狱	57	501601;501602;501603	10	3200	1000	0	0	5
508	6	地狱	58	501601;501602;501603	10	3200	1000	0	0	5
509	6	地狱	59	501601;501602;501603	10	3200	1000	0	0	5
510	6	地狱	60	501601;501602;501603	10	3200	1000	0	0	5
511	6	地狱	61	501601;501602;501603	10	3200	1000	0	0	5
512	6	地狱	62	501601;501602;501603	10	3200	1000	0	0	5
513	6	地狱	63	501601;501602;501603	10	3200	1000	0	0	5
514	6	地狱	64	501601;501602;501603	10	3200	1000	0	0	5
515	6	地狱	65	501601;501602;501603	10	3200	1000	0	0	5
516	6	地狱	66	501601;501602;501603	10	3200	1000	0	0	5
517	6	地狱	67	501601;501602;501603	10	3200	1000	0	0	5
518	6	地狱	68	501601;501602;501603	10	3200	1000	0	0	5
519	6	地狱	69	501601;501602;501603	10	3200	1000	0	0	5
520	6	地狱	70	501601;501602;501603	10	3200	1000	0	0	5
521	6	地狱	71	501601;501602;501603	10	3200	1000	0	0	5
522	6	地狱	72	501601;501602;501603	10	3200	1000	0	0	5
523	6	地狱	73	501601;501602;501603	10	3200	1000	0	0	5
524	6	地狱	74	501601;501602;501603	10	3200	1000	0	0	5
525	6	地狱	75	501601;501602;501603	10	3200	1000	0	0	5
526	6	地狱	76	501601;501602;501603	10	3200	1000	0	0	5
527	6	地狱	77	501601;501602;501603	10	3200	1000	0	0	5
528	6	地狱	78	501601;501602;501603	10	3200	1000	0	0	5
529	6	地狱	79	501601;501602;501603	10	3200	1000	0	0	5
530	6	地狱	80	501601;501602;501603	10	3200	1000	0	0	5
531	6	地狱	81	501601;501602;501603	10	3200	1000	0	0	5
532	6	地狱	82	501601;501602;501603	10	3200	1000	0	0	5
533	6	地狱	83	501601;501602;501603	10	3200	1000	0	0	5
534	6	地狱	84	501601;501602;501603	10	3200	1000	0	0	5
535	6	地狱	85	501601;501602;501603	10	3200	1000	0	0	5
536	6	地狱	86	501601;501602;501603	10	3200	1000	0	0	5
537	6	地狱	87	501601;501602;501603	10	3200	1000	0	0	5
538	6	地狱	88	501601;501602;501603	10	3200	1000	0	0	5
539	6	地狱	89	501601;501602;501603	10	3200	1000	0	0	5
540	6	地狱	90	501601;501602;501603	10	3200	1000	0	0	5
