#次数配置表							
#次数	聚宝消耗	体力消耗	竞技场奖励金币	竞技场奖励声望	竞技场奖励礼包(默认数量1)	竞技场购买次数消耗元宝	挑战副本购买次数消耗元宝
int	int	int	int	int	int	int	int
num	gatherCost	spCost	arenaGold	arenaReputation	arenaItem	buyArenaPVE	buyChallengeCopy
1	2	10	2400000	5000	20021	2	20
2	2	10	2200000	3000	20012	2	20
3	2	20	2000000	2000	20012	4	20
4	4	20	1800000	1000	20012	4	20
5	4	40	1600000	950	20012	8	20
6	8	40	1400000	900	20012	8	20
7	8	100	1200000	850	20012	10	20
8	10	100	1000000	800	20012	10	20
9	10	100	800000	750	20012	10	20
10	10	200	780000	700	20012	10	20
11	10	200	760000	650	0	10	20
12	10	400	740000	600	0	10	20
13	10	400	720000	550	0	10	
14	10		700000	500	0	10	
15	10		680000	480	0	10	
16	10		660000	460	0	10	
17	10		640000	440	0	10	
18	10		620000	420	0	10	
19	10		600000	400	0	10	
20	10		580000	380	0	10	
21	10		560000	370	0	10	
22	10		540000	360	0	10	
23	10		520000	350	0	10	
24	10		500000	340	0	10	
25	10		480000	330	0	10	
26	10		460000	320	0	10	
27	10		440000	310	0	10	
28	10		420000	300	0	10	
29	10		400000	290	0	10	
30	10		380000	280	0	10	
31	10		375000	278	0	10	
32	10		370000	276	0	10	
33	10		365000	274	0	10	
34	10		360000	272	0	10	
35	10		355000	270	0	10	
36	10		350000	268	0	10	
37	10		345000	266	0	10	
38	10		340000	264	0	10	
39	10		335000	262	0	10	
40	10		330000	260	0	10	
41	10		325000	258	0	10	
42	10		320000	256	0	10	
43	10		315000	254	0	10	
44	10		310000	252	0	10	
45	10		305000	250	0	10	
46	10		300000	248	0	10	
47	10		295000	246	0	10	
48	10		290000	244	0	10	
49	10		285000	242	0	10	
50	10		280000	240	0	10	
51	10		279800	238	0	10	
52	10		279600	236	0	10	
53	10		279400	234	0	10	
54	10		279200	232	0	10	
55	10		279000	230	0	10	
56	10		278800	228	0	10	
57	10		278600	226	0	10	
58	10		278400	224	0	10	
59	10		278200	222	0	10	
60	10		278000	220	0	10	
61	10		277800	218	0	10	
62	10		277600	216	0	10	
63	10		277400	214	0	10	
64	10		277200	212	0	10	
65	10		277000	210	0	10	
66	10		276800	208	0	10	
67	10		276600	206	0	10	
68	10		276400	204	0	10	
69	10		276200	202	0	10	
70	10		276000	200	0	10	
71	10		275800	198	0	10	
72	10		275600	196	0	10	
73	10		275400	194	0	10	
74	10		275200	192	0	10	
75	10		275000	190	0	10	
76	10		274800	188	0	10	
77	10		274600	186	0	10	
78	10		274400	184	0	10	
79	10		274200	182	0	10	
80	10		274000	180	0	10	
81	10		273800	179	0	10	
82	10		273600	178	0	10	
83	10		273400	177	0	10	
84	10		273200	176	0	10	
85	10		273000	175	0	10	
86	10		272800	174	0	10	
87	10		272600	173	0	10	
88	10		272400	172	0	10	
89	10		272200	171	0	10	
90	10		272000	170	0	10	
91	10		271800	169	0	10	
92	10		271600	168	0	10	
93	10		271400	167	0	10	
94	10		271200	166	0	10	
95	10		271000	165	0	10	
96	10		270800	164	0	10	
97	10		270600	163	0	10	
98	10		270400	162	0	10	
99	10		270200	161	0	10	
100	10		270000	160	0	10	
101	10		269800	159	0	10	
102	10		269600	158	0	10	
103	10		269400	157	0	10	
104	10		269200	156	0	10	
105	10		269000	155	0	10	
106	10		268800	154	0	10	
107	10		268600	153	0	10	
108	10		268400	152	0	10	
109	10		268200	151	0	10	
110	10		268000	150	0	10	
111			267800	149	0	10	
112			267600	148	0	10	
113			267400	147	0	10	
114			267200	146	0	10	
115			267000	145	0	10	
116			266800	144	0	10	
117			266600	143	0	10	
118			266400	142	0	10	
119			266200	141	0	10	
120			266000	140	0	10	
121			265800	139	0	10	
122			265600	138	0	10	
123			265400	137	0	10	
124			265200	136	0	10	
125			265000	135	0	10	
126			264800	134	0	10	
127			264600	133	0	10	
128			264400	132	0	10	
129			264200	131	0	10	
130			264000	130	0	10	
131			263800	129	0	10	
132			263600	128	0	10	
133			263400	127	0	10	
134			263200	126	0	10	
135			263000	125	0	10	
136			262800	124	0	10	
137			262600	123	0	10	
138			262400	122	0	10	
139			262200	121	0	10	
140			262000	120	0	10	
141			261800	119	0	10	
142			261600	118	0	10	
143			261400	117	0	10	
144			261200	116	0	10	
145			261000	115	0	10	
146			260800	114	0	10	
147			260600	113	0	10	
148			260400	112	0	10	
149			260200	111	0	10	
150			260000	110	0	10	
151			259800	109	0	10	
152			259600	108	0	10	
153			259400	107	0	10	
154			259200	106	0	10	
155			259000	105	0	10	
156			258800	104	0	10	
157			258600	103	0	10	
158			258400	102	0	10	
159			258200	101	0	10	
160			258000	100	0	10	
161			257800	99	0	10	
162			257600	98	0	10	
163			257400	97	0	10	
164			257200	96	0	10	
165			257000	95	0	10	
166			256800	94	0	10	
167			256600	93	0	10	
168			256400	92	0	10	
169			256200	91	0	10	
170			256000	90	0	10	
171			255800	89	0	10	
172			255600	88	0	10	
173			255400	87	0	10	
174			255200	86	0	10	
175			255000	85	0	10	
176			254800	84	0	10	
177			254600	83	0	10	
178			254400	82	0	10	
179			254200	81	0	10	
180			254000	80	0	10	
181			253800	79	0	10	
182			253600	78	0	10	
183			253400	77	0	10	
184			253200	76	0	10	
185			253000	75	0	10	
186			252800	74	0	10	
187			252600	73	0	10	
188			252400	72	0	10	
189			252200	71	0	10	
190			252000	70	0	10	
191			251800	69	0	10	
192			251600	68	0	10	
193			251400	67	0	10	
194			251200	66	0	10	
195			251000	65	0	10	
196			250800	64	0	10	
197			250600	63	0	10	
198			250400	62	0	10	
199			250200	61	0	10	
200			250000	60	0	10	
201			249800	59	0	10	
202			249600	58	0	10	
203			249400	57	0	10	
204			249200	56	0	10	
205			249000	55	0	10	
206			248800	54	0	10	
207			248600	53	0	10	
208			248400	52	0	10	
209			248200	51	0	10	
210			248000	50	0	10	
211			247800	49	0	10	
212			247600	48	0	10	
213			247400	47	0	10	
214			247200	46	0	10	
215			247000	45	0	10	
216			246800	44	0	10	
217			246600	43	0	10	
218			246400	42	0	10	
219			246200	41	0	10	
220			246000	40	0	10	
221			245800	39	0	10	
222			245600	38	0	10	
223			245400	37	0	10	
224			245200	36	0	10	
225			245000	35	0	10	
226			244800	34	0	10	
227			244600	33	0	10	
228			244400	32	0	10	
229			244200	31	0	10	
230			244000	30	0	10	
231			243800	30	0	10	
232			243600	30	0	10	
233			243400	30	0	10	
234			243200	30	0	10	
235			243000	30	0	10	
236			242800	30	0	10	
237			242600	30	0	10	
238			242400	30	0	10	
239			242200	30	0	10	
240			242000	30	0	10	
241			241800	30	0	10	
242			241600	30	0	10	
243			241400	30	0	10	
244			241200	30	0	10	
245			241000	30	0	10	
246			240800	30	0	10	
247			240600	30	0	10	
248			240400	30	0	10	
249			240200	30	0	10	
250			240000	30	0	10	
251			239800	30	0	10	
252			239600	30	0	10	
253			239400	30	0	10	
254			239200	30	0	10	
255			239000	30	0	10	
256			238800	30	0	10	
257			238600	30	0	10	
258			238400	30	0	10	
259			238200	30	0	10	
260			238000	30	0	10	
261			237800	30	0	10	
262			237600	30	0	10	
263			237400	30	0	10	
264			237200	30	0	10	
265			237000	30	0	10	
266			236800	30	0	10	
267			236600	30	0	10	
268			236400	30	0	10	
269			236200	30	0	10	
270			236000	30	0	10	
271			235800	30	0	10	
272			235600	30	0	10	
273			235400	30	0	10	
274			235200	30	0	10	
275			235000	30	0	10	
276			234800	30	0	10	
277			234600	30	0	10	
278			234400	30	0	10	
279			234200	30	0	10	
280			234000	30	0	10	
281			233800	30	0	10	
282			233600	30	0	10	
283			233400	30	0	10	
284			233200	30	0	10	
285			233000	30	0	10	
286			232800	30	0	10	
287			232600	30	0	10	
288			232400	30	0	10	
289			232200	30	0	10	
290			232000	30	0	10	
291			231800	30	0	10	
292			231600	30	0	10	
293			231400	30	0	10	
294			231200	30	0	10	
295			231000	30	0	10	
296			230800	30	0	10	
297			230600	30	0	10	
298			230400	30	0	10	
299			230200	30	0	10	
300			230000	30	0	10	
301			229800	30	0	10	
302			229600	30	0	10	
303			229400	30	0	10	
304			229200	30	0	10	
305			229000	30	0	10	
306			228800	30	0	10	
307			228600	30	0	10	
308			228400	30	0	10	
309			228200	30	0	10	
310			228000	30	0	10	
311			227800	30	0	10	
312			227600	30	0	10	
313			227400	30	0	10	
314			227200	30	0	10	
315			227000	30	0	10	
316			226800	30	0	10	
317			226600	30	0	10	
318			226400	30	0	10	
319			226200	30	0	10	
320			226000	30	0	10	
321			225800	30	0	10	
322			225600	30	0	10	
323			225400	30	0	10	
324			225200	30	0	10	
325			225000	30	0	10	
326			224800	30	0	10	
327			224600	30	0	10	
328			224400	30	0	10	
329			224200	30	0	10	
330			224000	30	0	10	
331			223800	30	0	10	
332			223600	30	0	10	
333			223400	30	0	10	
334			223200	30	0	10	
335			223000	30	0	10	
336			222800	30	0	10	
337			222600	30	0	10	
338			222400	30	0	10	
339			222200	30	0	10	
340			222000	30	0	10	
341			221800	30	0	10	
342			221600	30	0	10	
343			221400	30	0	10	
344			221200	30	0	10	
345			221000	30	0	10	
346			220800	30	0	10	
347			220600	30	0	10	
348			220400	30	0	10	
349			220200	30	0	10	
350			220000	30	0	10	
351			219800	30	0	10	
352			219600	30	0	10	
353			219400	30	0	10	
354			219200	30	0	10	
355			219000	30	0	10	
356			218800	30	0	10	
357			218600	30	0	10	
358			218400	30	0	10	
359			218200	30	0	10	
360			218000	30	0	10	
361			217800	30	0	10	
362			217600	30	0	10	
363			217400	30	0	10	
364			217200	30	0	10	
365			217000	30	0	10	
366			216800	30	0	10	
367			216600	30	0	10	
368			216400	30	0	10	
369			216200	30	0	10	
370			216000	30	0	10	
371			215800	30	0	10	
372			215600	30	0	10	
373			215400	30	0	10	
374			215200	30	0	10	
375			215000	30	0	10	
376			214800	30	0	10	
377			214600	30	0	10	
378			214400	30	0	10	
379			214200	30	0	10	
380			214000	30	0	10	
381			213800	30	0	10	
382			213600	30	0	10	
383			213400	30	0	10	
384			213200	30	0	10	
385			213000	30	0	10	
386			212800	30	0	10	
387			212600	30	0	10	
388			212400	30	0	10	
389			212200	30	0	10	
390			212000	30	0	10	
391			211800	30	0	10	
392			211600	30	0	10	
393			211400	30	0	10	
394			211200	30	0	10	
395			211000	30	0	10	
396			210800	30	0	10	
397			210600	30	0	10	
398			210400	30	0	10	
399			210200	30	0	10	
400			210000	30	0	10	
401			209800	30	0	10	
402			209600	30	0	10	
403			209400	30	0	10	
404			209200	30	0	10	
405			209000	30	0	10	
406			208800	30	0	10	
407			208600	30	0	10	
408			208400	30	0	10	
409			208200	30	0	10	
410			208000	30	0	10	
411			207800	30	0	10	
412			207600	30	0	10	
413			207400	30	0	10	
414			207200	30	0	10	
415			207000	30	0	10	
416			206800	30	0	10	
417			206600	30	0	10	
418			206400	30	0	10	
419			206200	30	0	10	
420			206000	30	0	10	
421			205800	30	0	10	
422			205600	30	0	10	
423			205400	30	0	10	
424			205200	30	0	10	
425			205000	30	0	10	
426			204800	30	0	10	
427			204600	30	0	10	
428			204400	30	0	10	
429			204200	30	0	10	
430			204000	30	0	10	
431			203800	30	0	10	
432			203600	30	0	10	
433			203400	30	0	10	
434			203200	30	0	10	
435			203000	30	0	10	
436			202800	30	0	10	
437			202600	30	0	10	
438			202400	30	0	10	
439			202200	30	0	10	
440			202000	30	0	10	
441			201800	30	0	10	
442			201600	30	0	10	
443			201400	30	0	10	
444			201200	30	0	10	
445			201000	30	0	10	
446			200800	30	0	10	
447			200600	30	0	10	
448			200400	30	0	10	
449			200200	30	0	10	
450			200000	30	0	10	
451			199800	30	0	10	
452			199600	30	0	10	
453			199400	30	0	10	
454			199200	30	0	10	
455			199000	30	0	10	
456			198800	30	0	10	
457			198600	30	0	10	
458			198400	30	0	10	
459			198200	30	0	10	
460			198000	30	0	10	
461			197800	30	0	10	
462			197600	30	0	10	
463			197400	30	0	10	
464			197200	30	0	10	
465			197000	30	0	10	
466			196800	30	0	10	
467			196600	30	0	10	
468			196400	30	0	10	
469			196200	30	0	10	
470			196000	30	0	10	
471			195800	30	0	10	
472			195600	30	0	10	
473			195400	30	0	10	
474			195200	30	0	10	
475			195000	30	0	10	
476			194800	30	0	10	
477			194600	30	0	10	
478			194400	30	0	10	
479			194200	30	0	10	
480			194000	30	0	10	
481			193800	30	0	10	
482			193600	30	0	10	
483			193400	30	0	10	
484			193200	30	0	10	
485			193000	30	0	10	
486			192800	30	0	10	
487			192600	30	0	10	
488			192400	30	0	10	
489			192200	30	0	10	
490			192000	30	0	10	
491			191800	30	0	10	
492			191600	30	0	10	
493			191400	30	0	10	
494			191200	30	0	10	
495			191000	30	0	10	
496			190800	30	0	10	
497			190600	30	0	10	
498			190400	30	0	10	
499			190200	30	0	10	
500			190000	30	0	10	
501			189800	30	0	10	
502			189600	30	0	10	
503			189400	30	0	10	
504			189200	30	0	10	
505			189000	30	0	10	
506			188800	30	0	10	
507			188600	30	0	10	
508			188400	30	0	10	
509			188200	30	0	10	
510			188000	30	0	10	
511			187800	30	0	10	
512			187600	30	0	10	
513			187400	30	0	10	
514			187200	30	0	10	
515			187000	30	0	10	
516			186800	30	0	10	
517			186600	30	0	10	
518			186400	30	0	10	
519			186200	30	0	10	
520			186000	30	0	10	
521			185800	30	0	10	
522			185600	30	0	10	
523			185400	30	0	10	
524			185200	30	0	10	
525			185000	30	0	10	
526			184800	30	0	10	
527			184600	30	0	10	
528			184400	30	0	10	
529			184200	30	0	10	
530			184000	30	0	10	
531			183800	30	0	10	
532			183600	30	0	10	
533			183400	30	0	10	
534			183200	30	0	10	
535			183000	30	0	10	
536			182800	30	0	10	
537			182600	30	0	10	
538			182400	30	0	10	
539			182200	30	0	10	
540			182000	30	0	10	
541			181800	30	0	10	
542			181600	30	0	10	
543			181400	30	0	10	
544			181200	30	0	10	
545			181000	30	0	10	
546			180800	30	0	10	
547			180600	30	0	10	
548			180400	30	0	10	
549			180200	30	0	10	
550			180000	30	0	10	
551			179800	30	0	10	
552			179600	30	0	10	
553			179400	30	0	10	
554			179200	30	0	10	
555			179000	30	0	10	
556			178800	30	0	10	
