任务ID	前置ID	任务名称	任务类型	场景ID	任务方式	任务条件1	任务条件2	等级	最高等级	职业	是否自动接取	是否可放弃	接任务NPC	交任务NPC	接任务对话	交任务对话	任务描述	完成奖励金钱	完成奖励钻石	完成奖励经验	完成奖励体力	完成奖励物品	完成奖励卡牌	奖励武器
id	previd	name	type	sceneid	method	condition1	condition2	level	maxlevel	occup	autotask	canDrop	recvId	submitId	recvDialog	submitDialog	describe	submitGold	submitDiamond	submitExp	submitPhysical	submitItems	submitCards	submitArms
10001001	0	世界征服者	1	1004	1	1004	0	2	999	0	0	0	0	0	0	0	通关亚诺森林【关卡4】	0	0	1000	0		11007:1;21099:1	11007:41101007:0
10001002	10001001	世界征服者	1	1008	1	1008	0	2	999	0	0	0	0	0	0	0	通关亚诺森林【关卡8】	0	0	500	0	71000001:150:0:0:0;72000001:80:0:0:0;		
10001003	10001002	世界征服者	1	1012	1	1012	0	2	999	0	0	0	0	0	0	0	通关亚诺森林【关卡12】	0	0	500	0	71000001:75:0:0:0;72000001:40:0:0:0;		
10001004	10001003	世界征服者	1	1016	1	1016	0	2	999	0	0	0	0	0	0	0	通关亚诺森林【关卡16】	0	0	500	0	71000001:75:0:0:0;72000001:40:0:0:0;		
10001005	10001004	世界征服者	1	1020	1	1020	0	2	999	0	0	0	0	0	0	0	通关亚诺森林【关卡20】	0	0	500	0	71000001:75:0:0:0;72000001:40:0:0:0;		
10001006	10001005	世界征服者	1	1024	1	1024	0	2	999	0	0	0	0	0	0	0	通关冷寂之窟【关卡24】	0	0	500	0	71000001:75:0:0:0;72000001:40:0:0:0;		
10001007	10001006	世界征服者	1	1028	1	1028	0	2	999	0	0	0	0	0	0	0	通关冷寂之窟【关卡28】	0	0	800	0	71000001:75:0:0:0;72000001:40:0:0:0;		
10001008	10001007	世界征服者	1	1032	1	1032	0	2	999	0	0	0	0	0	0	0	通关冷寂之窟【关卡32】	0	0	800	0	71000001:75:0:0:0;72000001:40:0:0:0;		
10001009	10001008	世界征服者	1	1036	1	1036	0	2	999	0	0	0	0	0	0	0	通关冷寂之窟【关卡36】	0	0	800	0	71000001:75:0:0:0;72000001:40:0:0:0;		
10001010	10001009	世界征服者	1	1040	1	1040	0	2	999	0	0	0	0	0	0	0	通关冷寂之窟【关卡40】	0	0	800	0	71000001:75:0:0:0;72000001:40:0:0:0;		
10001011	10001010	世界征服者	1	1044	1	1044	0	2	999	0	0	0	0	0	0	0	通关游魂墓地【关卡44】	0	0	800	0	71000001:75:0:0:0;72000001:40:0:0:0;		
10001012	10001011	世界征服者	1	1048	1	1048	0	2	999	0	0	0	0	0	0	0	通关游魂墓地【关卡48】	0	0	800	0	71000001:75:0:0:0;72000001:40:0:0:0;		
10001013	10001012	世界征服者	1	1052	1	1052	0	2	999	0	0	0	0	0	0	0	通关游魂墓地【关卡52】	5000	0	0	0	71000001:75:0:0:0;72000001:40:0:0:0;		
10001014	10001013	世界征服者	1	1056	1	1056	0	2	999	0	0	0	0	0	0	0	通关游魂墓地【关卡56】	5000	0	0	0	71000001:75:0:0:0;72000001:40:0:0:0;		
10001015	10001014	世界征服者	1	1058	1	1058	0	2	999	0	0	0	0	0	0	0	通关游魂墓地【关卡58】	5000	0	0	0	71000001:75:0:0:0;72000001:40:0:0:0;		
10001016	10001015	世界征服者	1	1060	1	1060	0	2	999	0	0	0	0	0	0	0	通关游魂墓地【关卡60】	5000	0	0	0	71000001:75:0:0:0;72000001:40:0:0:0;		
10001017	10001016	世界征服者	1	1064	1	1064	0	2	999	0	0	0	0	0	0	0	通关落日原野【关卡64】	5000	0	0	0	71000001:75:0:0:0;72000001:40:0:0:0;		
10001018	10001017	世界征服者	1	1068	1	1068	0	2	999	0	0	0	0	0	0	0	通关落日原野【关卡68】	5000	0	0	0	71000001:75:0:0:0;72000001:40:0:0:0;		
10001019	10001018	世界征服者	1	1072	1	1072	0	2	999	0	0	0	0	0	0	0	通关落日原野【关卡72】	10000	0	0	0	72000001:40:0:0:0;73000001:25:0:0:0;		
10001020	10001019	世界征服者	1	1076	1	1076	0	2	999	0	0	0	0	0	0	0	通关落日原野【关卡76】	10000	0	0	0	72000001:40:0:0:0;73000001:25:0:0:0;		
10001021	10001020	世界征服者	1	1078	1	1078	0	2	999	0	0	0	0	0	0	0	通关落日原野【关卡78】	10000	0	0	0	72000001:40:0:0:0;73000001:25:0:0:0;		
10001022	10001021	世界征服者	1	1080	1	1080	0	2	999	0	0	0	0	0	0	0	通关落日原野【关卡80】	10000	0	0	0	72000001:40:0:0:0;73000001:25:0:0:0;		
10001023	10001022	世界征服者	1	1084	1	1084	0	2	999	0	0	0	0	0	0	0	通关黄沙戈壁【关卡84】	10000	0	0	0	72000001:40:0:0:0;73000001:25:0:0:0;		
10001024	10001023	世界征服者	1	1086	1	1086	0	2	999	0	0	0	0	0	0	0	通关黄沙戈壁【关卡86】	10000	0	0	0	72000001:40:0:0:0;73000001:25:0:0:0;		
10001025	10001024	世界征服者	1	1090	1	1090	0	2	999	0	0	0	0	0	0	0	通关黄沙戈壁【关卡90】	15000	0	0	0	72000001:40:0:0:0;73000001:25:0:0:0;		
10001026	10001025	世界征服者	1	1093	1	1093	0	2	999	0	0	0	0	0	0	0	通关黄沙戈壁【关卡93】	15000	0	0	0	72000001:40:0:0:0;73000001:25:0:0:0;		
10001027	10001026	世界征服者	1	1097	1	1097	0	2	999	0	0	0	0	0	0	0	通关黄沙戈壁【关卡97】	15000	0	0	0	72000001:40:0:0:0;73000001:25:0:0:0;		
10001028	10001027	世界征服者	1	1100	1	1100	0	2	999	0	0	0	0	0	0	0	通关黄沙戈壁【关卡100】	15000	0	0	0	72000001:40:0:0:0;73000001:25:0:0:0;		
10001029	10001028	世界征服者	1	1102	1	1102	0	2	999	0	0	0	0	0	0	0	通关火龙之巢【关卡102】	15000	0	0	0	72000001:40:0:0:0;73000001:25:0:0:0;		
10001030	10001029	世界征服者	1	1105	1	1105	0	2	999	0	0	0	0	0	0	0	通关火龙之巢【关卡105】	15000	0	0	0	72000001:40:0:0:0;73000001:25:0:0:0;		
10001031	10001030	世界征服者	1	1109	1	1109	0	2	999	0	0	0	0	0	0	0	通关火龙之巢【关卡109】	20000	0	0	0	72000001:40:0:0:0;73000001:25:0:0:0;		
10001032	10001031	世界征服者	1	1111	1	1111	0	2	999	0	0	0	0	0	0	0	通关火龙之巢【关卡111】	20000	0	0	0	72000001:40:0:0:0;73000001:25:0:0:0;		
10001033	10001032	世界征服者	1	1114	1	1114	0	2	999	0	0	0	0	0	0	0	通关火龙之巢【关卡114】	20000	0	0	0	72000001:40:0:0:0;73000001:25:0:0:0;		
10001034	10001033	世界征服者	1	1120	1	1120	0	2	999	0	0	0	0	0	0	0	通关火龙之巢【关卡120】	20000	0	0	0	72000001:40:0:0:0;73000001:25:0:0:0;		
10001035	10001034	世界征服者	1	1123	1	1123	0	2	999	0	0	0	0	0	0	0	通关无法地带【关卡123】	20000	0	0	0	72000001:40:0:0:0;73000001:25:0:0:0;		
10001036	10001035	世界征服者	1	1127	1	1127	0	2	999	0	0	0	0	0	0	0	通关无法地带【关卡127】	20000	0	0	0	72000001:40:0:0:0;73000001:25:0:0:0;		
10001037	10001036	世界征服者	1	1130	1	1130	0	2	999	0	0	0	0	0	0	0	通关无法地带【关卡130】	20000	0	0	0	72000001:40:0:0:0;73000001:25:0:0:0;		
10001038	10001037	世界征服者	1	1134	1	1134	0	2	999	0	0	0	0	0	0	0	通关无法地带【关卡134】	20000	0	0	0	72000001:40:0:0:0;73000001:25:0:0:0;		
10001039	10001038	世界征服者	1	1137	1	1137	0	2	999	0	0	0	0	0	0	0	通关无法地带【关卡137】	20000	0	0	0	72000001:40:0:0:0;73000001:25:0:0:0;		
10001040	10001039	世界征服者	1	1140	1	1140	0	2	999	0	0	0	0	0	0	0	通关无法地带【关卡140】	20000	0	0	0	72000001:40:0:0:0;73000001:25:0:0:0;		
10001041	10001040	世界征服者	1	1142	1	1142	0	2	999	0	0	0	0	0	0	0	通关圣湖之畔【关卡142】	20000	0	0	0	72000001:40:0:0:0;73000001:25:0:0:0;		
10001042	10001041	世界征服者	1	1145	1	1145	0	2	999	0	0	0	0	0	0	0	通关圣湖之畔【关卡145】	20000	0	0	0	72000001:40:0:0:0;73000001:25:0:0:0;		
10001043	10001042	世界征服者	1	1150	1	1150	0	2	999	0	0	0	0	0	0	0	通关圣湖之畔【关卡150】	20000	0	0	0	72000001:40:0:0:0;73000001:25:0:0:0;		
10001044	10001043	世界征服者	1	1152	1	1152	0	2	999	0	0	0	0	0	0	0	通关圣湖之畔【关卡152】	20000	0	0	0	72000001:40:0:0:0;73000001:25:0:0:0;		
10001045	10001044	世界征服者	1	1157	1	1157	0	2	999	0	0	0	0	0	0	0	通关圣湖之畔【关卡157】	20000	0	0	0	72000001:40:0:0:0;73000001:25:0:0:0;		
10001046	10001045	世界征服者	1	1160	1	1160	0	2	999	0	0	0	0	0	0	0	通关圣湖之畔【关卡160】	20000	0	0	0	72000001:40:0:0:0;73000001:25:0:0:0;		
10001047	10001046	世界征服者	1	1162	1	1162	0	2	999	0	0	0	0	0	0	0	通关亡灵之城【关卡162】	20000	0	0	0	72000001:40:0:0:0;73000001:25:0:0:0;		
10001048	10001047	世界征服者	1	1166	1	1166	0	2	999	0	0	0	0	0	0	0	通关亡灵之城【关卡166】	20000	0	0	0	72000001:40:0:0:0;73000001:25:0:0:0;		
10001049	10001048	世界征服者	1	1170	1	1170	0	2	999	0	0	0	0	0	0	0	通关亡灵之城【关卡170】	20000	0	0	0	72000001:40:0:0:0;73000001:25:0:0:0;		
10001050	10001049	世界征服者	1	1174	1	1174	0	2	999	0	0	0	0	0	0	0	通关亡灵之城【关卡174】	20000	0	0	0	72000001:40:0:0:0;73000001:25:0:0:0;		
10001051	10001050	世界征服者	1	1176	1	1176	0	2	999	0	0	0	0	0	0	0	通关亡灵之城【关卡176】	20000	0	0	0	72000001:40:0:0:0;73000001:25:0:0:0;		
10001052	10001051	世界征服者	1	1178	1	1178	0	2	999	0	0	0	0	0	0	0	通关亡灵之城【关卡178】	20000	0	0	0	72000001:40:0:0:0;73000001:25:0:0:0;		
10001053	10001052	世界征服者	1	1180	1	1180	0	2	999	0	0	0	0	0	0	0	通关亡灵之城【关卡180】	20000	0	0	0	72000001:40:0:0:0;73000001:25:0:0:0;		
10001054	10001053	世界征服者	1	1183	1	1183	0	2	999	0	0	0	0	0	0	0	通关奇岩荒野【关卡183】	20000	0	0	0	72000001:40:0:0:0;73000001:25:0:0:0;		
10001055	10001054	世界征服者	1	1186	1	1186	0	2	999	0	0	0	0	0	0	0	通关奇岩荒野【关卡186】	20000	0	0	0	72000001:40:0:0:0;73000001:25:0:0:0;		
10001056	10001055	世界征服者	1	1189	1	1189	0	2	999	0	0	0	0	0	0	0	通关奇岩荒野【关卡189】	20000	0	0	0	72000001:40:0:0:0;73000001:25:0:0:0;		
10001057	10001056	世界征服者	1	1192	1	1192	0	2	999	0	0	0	0	0	0	0	通关奇岩荒野【关卡192】	20000	0	0	0	72000001:40:0:0:0;73000001:25:0:0:0;		
10001058	10001057	世界征服者	1	1195	1	1195	0	2	999	0	0	0	0	0	0	0	通关奇岩荒野【关卡195】	20000	0	0	0	72000001:40:0:0:0;73000001:25:0:0:0;		
10001059	10001058	世界征服者	1	1198	1	1198	0	2	999	0	0	0	0	0	0	0	通关奇岩荒野【关卡198】	20000	0	0	0	72000001:40:0:0:0;73000001:25:0:0:0;		
10001060	10001059	世界征服者	1	1200	1	1200	0	2	999	0	0	0	0	0	0	0	通关奇岩荒野【关卡200】	20000	0	0	0	72000001:40:0:0:0;73000001:25:0:0:0;		
10005001	0	武器强化	1	0	5	1	0	10	999	0	0	0	0	0	0	0	主角武器强化至1级	1500	0	0	0		11099:1;	
10005002	10005001	武器强化	1	0	5	2	0	10	999	0	0	0	0	0	0	0	主角武器强化至2级	2000	0	0	0		11099:1;	
10005003	10005002	武器强化	1	0	5	3	0	10	999	0	0	0	0	0	0	0	主角武器强化至3级	2500	0	0	0		11099:1;	
10005004	10005003	武器强化	1	0	5	4	0	10	999	0	0	0	0	0	0	0	主角武器强化至4级	3000	0	0	0		11099:1;	
10005005	10005004	武器强化	1	0	5	5	0	10	999	0	0	0	0	0	0	0	主角武器强化至5级	3500	0	0	0		11099:1;	
10005006	10005005	武器强化	1	0	5	6	0	10	999	0	0	0	0	0	0	0	主角武器强化至6级	4000	0	0	0		11099:1;	
10005007	10005006	武器强化	1	0	5	7	0	10	999	0	0	0	0	0	0	0	主角武器强化至7级	4500	0	0	0		11099:1;	
10005008	10005007	武器强化	1	0	5	8	0	10	999	0	0	0	0	0	0	0	主角武器强化至8级	5000	0	0	0		11099:1;	
10005009	10005008	武器强化	1	0	5	9	0	10	999	0	0	0	0	0	0	0	主角武器强化至9级	5500	0	0	0		11099:1;	
10005010	10005009	武器强化	1	0	5	10	0	10	999	0	0	0	0	0	0	0	主角武器强化至10级	6000	0	0	0		11099:1;	
10005011	10005010	武器强化	1	0	5	11	0	10	999	0	0	0	0	0	0	0	主角武器强化至11级	6500	0	0	0		11099:1;	
10005012	10005011	武器强化	1	0	5	12	0	10	999	0	0	0	0	0	0	0	主角武器强化至12级	7000	0	0	0		11099:1;	
10005013	10005012	武器强化	1	0	5	13	0	10	999	0	0	0	0	0	0	0	主角武器强化至13级	7500	0	0	0		11099:1;	
10005014	10005013	武器强化	1	0	5	14	0	10	999	0	0	0	0	0	0	0	主角武器强化至14级	8000	0	0	0		11099:1;	
10005015	10005014	武器强化	1	0	5	15	0	10	999	0	0	0	0	0	0	0	主角武器强化至15级	8500	0	0	0		11099:1;	
10005016	10005015	武器强化	1	0	5	16	0	10	999	0	0	0	0	0	0	0	主角武器强化至16级	9000	0	0	0		11099:1;	
10005017	10005016	武器强化	1	0	5	17	0	10	999	0	0	0	0	0	0	0	主角武器强化至17级	9500	0	0	0		11099:1;	
10005018	10005017	武器强化	1	0	5	18	0	10	999	0	0	0	0	0	0	0	主角武器强化至18级	10000	0	0	0		11099:1;	
10005019	10005018	武器强化	1	0	5	19	0	10	999	0	0	0	0	0	0	0	主角武器强化至19级	10500	0	0	0		11099:1;	
10005020	10005019	武器强化	1	0	5	20	0	10	999	0	0	0	0	0	0	0	主角武器强化至20级	11000	0	0	0		11099:1;	
10005021	10005020	武器强化	1	0	5	21	0	10	999	0	0	0	0	0	0	0	主角武器强化至21级	11500	0	0	0		11099:1;	
10005022	10005021	武器强化	1	0	5	22	0	10	999	0	0	0	0	0	0	0	主角武器强化至22级	12000	0	0	0		11099:1;	
10005023	10005022	武器强化	1	0	5	23	0	10	999	0	0	0	0	0	0	0	主角武器强化至23级	12500	0	0	0		11099:1;	
10005024	10005023	武器强化	1	0	5	24	0	10	999	0	0	0	0	0	0	0	主角武器强化至24级	13000	0	0	0		11099:1;	
10005025	10005024	武器强化	1	0	5	25	0	10	999	0	0	0	0	0	0	0	主角武器强化至25级	13500	0	0	0		11099:1;	
10005026	10005025	武器强化	1	0	5	26	0	10	999	0	0	0	0	0	0	0	主角武器强化至26级	14000	0	0	0		11099:1;	
10005027	10005026	武器强化	1	0	5	27	0	10	999	0	0	0	0	0	0	0	主角武器强化至27级	14500	0	0	0		11099:1;	
10005028	10005027	武器强化	1	0	5	28	0	10	999	0	0	0	0	0	0	0	主角武器强化至28级	15000	0	0	0		11099:1;	
10005029	10005028	武器强化	1	0	5	29	0	10	999	0	0	0	0	0	0	0	主角武器强化至29级	16000	0	0	0		11099:1;	
10005030	10005029	武器强化	1	0	5	30	0	10	999	0	0	0	0	0	0	0	主角武器强化至30级	17000	0	0	0		11099:1;	
10005031	10005030	武器强化	1	0	5	31	0	10	999	0	0	0	0	0	0	0	主角武器强化至31级	18000	0	0	0		11099:1;	
10005032	10005031	武器强化	1	0	5	32	0	10	999	0	0	0	0	0	0	0	主角武器强化至32级	19000	0	0	0		11099:1;	
10005033	10005032	武器强化	1	0	5	33	0	10	999	0	0	0	0	0	0	0	主角武器强化至33级	20000	0	0	0		11099:1;	
10005034	10005033	武器强化	1	0	5	34	0	10	999	0	0	0	0	0	0	0	主角武器强化至34级	21000	0	0	0		11099:1;	
10005035	10005034	武器强化	1	0	5	35	0	10	999	0	0	0	0	0	0	0	主角武器强化至35级	22000	0	0	0		11099:1;	
10005036	10005035	武器强化	1	0	5	36	0	10	999	0	0	0	0	0	0	0	主角武器强化至36级	23000	0	0	0		11099:1;	
10005037	10005036	武器强化	1	0	5	37	0	10	999	0	0	0	0	0	0	0	主角武器强化至37级	24000	0	0	0		11099:1;	
10005038	10005037	武器强化	1	0	5	38	0	10	999	0	0	0	0	0	0	0	主角武器强化至38级	25000	0	0	0		11099:1;	
10005039	10005038	武器强化	1	0	5	39	0	10	999	0	0	0	0	0	0	0	主角武器强化至39级	26000	0	0	0		11099:1;	
10005040	10005039	武器强化	1	0	5	40	0	10	999	0	0	0	0	0	0	0	主角武器强化至40级	27000	0	0	0		11099:1;	
10005041	10005040	武器强化	1	0	5	41	0	10	999	0	0	0	0	0	0	0	主角武器强化至41级	28000	0	0	0		11099:1;	
10005042	10005041	武器强化	1	0	5	42	0	10	999	0	0	0	0	0	0	0	主角武器强化至42级	29000	0	0	0		11099:1;	
10005043	10005042	武器强化	1	0	5	43	0	10	999	0	0	0	0	0	0	0	主角武器强化至43级	30000	0	0	0		11099:1;	
10005044	10005043	武器强化	1	0	5	44	0	10	999	0	0	0	0	0	0	0	主角武器强化至44级	32000	0	0	0		11099:1;	
10005045	10005044	武器强化	1	0	5	45	0	10	999	0	0	0	0	0	0	0	主角武器强化至45级	34000	0	0	0		11099:1;	
10005046	10005045	武器强化	1	0	5	46	0	10	999	0	0	0	0	0	0	0	主角武器强化至46级	36000	0	0	0		11099:1;	
10005047	10005046	武器强化	1	0	5	47	0	10	999	0	0	0	0	0	0	0	主角武器强化至47级	38000	0	0	0		11099:1;	
10005048	10005047	武器强化	1	0	5	48	0	10	999	0	0	0	0	0	0	0	主角武器强化至48级	40000	0	0	0		11099:1;	
10005049	10005048	武器强化	1	0	5	49	0	10	999	0	0	0	0	0	0	0	主角武器强化至49级	42000	0	0	0		11099:1;	
10005050	10005049	武器强化	1	0	5	50	0	10	999	0	0	0	0	0	0	0	主角武器强化至50级	44000	0	0	0		11099:1;	
10005051	10005050	武器强化	1	0	5	51	0	10	999	0	0	0	0	0	0	0	主角武器强化至51级	46000	0	0	0		11099:1;	
10005052	10005051	武器强化	1	0	5	52	0	10	999	0	0	0	0	0	0	0	主角武器强化至52级	48000	0	0	0		11099:1;	
10005053	10005052	武器强化	1	0	5	53	0	10	999	0	0	0	0	0	0	0	主角武器强化至53级	50000	0	0	0		11099:1;	
10005054	10005053	武器强化	1	0	5	54	0	10	999	0	0	0	0	0	0	0	主角武器强化至54级	52000	0	0	0		11099:1;	
10005055	10005054	武器强化	1	0	5	55	0	10	999	0	0	0	0	0	0	0	主角武器强化至55级	54000	0	0	0		11099:1;	
10005056	10005055	武器强化	1	0	5	56	0	10	999	0	0	0	0	0	0	0	主角武器强化至56级	56000	0	0	0		11099:1;	
10005057	10005056	武器强化	1	0	5	57	0	10	999	0	0	0	0	0	0	0	主角武器强化至57级	58000	0	0	0		11099:1;	
10005058	10005057	武器强化	1	0	5	58	0	10	999	0	0	0	0	0	0	0	主角武器强化至58级	60000	0	0	0		11099:1;	
10005059	10005058	武器强化	1	0	5	59	0	10	999	0	0	0	0	0	0	0	主角武器强化至59级	63000	0	0	0		11099:1;	
10005060	10005059	武器强化	1	0	5	60	0	10	999	0	0	0	0	0	0	0	主角武器强化至60级	66000	0	0	0		11099:1;	
10005061	10005060	武器强化	1	0	5	61	0	10	999	0	0	0	0	0	0	0	主角武器强化至61级	69000	0	0	0		11099:1;	
10005062	10005061	武器强化	1	0	5	62	0	10	999	0	0	0	0	0	0	0	主角武器强化至62级	72000	0	0	0		11099:1;	
10005063	10005062	武器强化	1	0	5	63	0	10	999	0	0	0	0	0	0	0	主角武器强化至63级	75000	0	0	0		11099:1;	
10005064	10005063	武器强化	1	0	5	64	0	10	999	0	0	0	0	0	0	0	主角武器强化至64级	78000	0	0	0		11099:1;	
10005065	10005064	武器强化	1	0	5	65	0	10	999	0	0	0	0	0	0	0	主角武器强化至65级	81000	0	0	0		11099:1;	
10005066	10005065	武器强化	1	0	5	66	0	10	999	0	0	0	0	0	0	0	主角武器强化至66级	84000	0	0	0		11099:1;	
10005067	10005066	武器强化	1	0	5	67	0	10	999	0	0	0	0	0	0	0	主角武器强化至67级	87000	0	0	0		11099:1;	
10005068	10005067	武器强化	1	0	5	68	0	10	999	0	0	0	0	0	0	0	主角武器强化至68级	90000	0	0	0		11099:1;	
10005069	10005068	武器强化	1	0	5	69	0	10	999	0	0	0	0	0	0	0	主角武器强化至69级	93000	0	0	0		11099:1;	
10005070	10005069	武器强化	1	0	5	70	0	10	999	0	0	0	0	0	0	0	主角武器强化至70级	96000	0	0	0		11099:1;	
10005071	10005070	武器强化	1	0	5	71	0	10	999	0	0	0	0	0	0	0	主角武器强化至71级	99000	0	0	0		11099:1;	
10005072	10005071	武器强化	1	0	5	72	0	10	999	0	0	0	0	0	0	0	主角武器强化至72级	102000	0	0	0		11099:1;	
10005073	10005072	武器强化	1	0	5	73	0	10	999	0	0	0	0	0	0	0	主角武器强化至73级	105000	0	0	0		11099:1;	
10005074	10005073	武器强化	1	0	5	74	0	10	999	0	0	0	0	0	0	0	主角武器强化至74级	108000	0	0	0		11099:1;	
10005075	10005074	武器强化	1	0	5	75	0	10	999	0	0	0	0	0	0	0	主角武器强化至75级	111000	0	0	0		11099:1;	
10005076	10005075	武器强化	1	0	5	76	0	10	999	0	0	0	0	0	0	0	主角武器强化至76级	114000	0	0	0		11099:1;	
10005077	10005076	武器强化	1	0	5	77	0	10	999	0	0	0	0	0	0	0	主角武器强化至77级	117000	0	0	0		11099:1;	
10005078	10005077	武器强化	1	0	5	78	0	10	999	0	0	0	0	0	0	0	主角武器强化至78级	120000	0	0	0		11099:1;	
10005079	10005078	武器强化	1	0	5	79	0	10	999	0	0	0	0	0	0	0	主角武器强化至79级	125000	0	0	0		11099:1;	
10005080	10005079	武器强化	1	0	5	80	0	10	999	0	0	0	0	0	0	0	主角武器强化至80级	130000	0	0	0		11099:1;	
10005081	10005080	武器强化	1	0	5	81	0	10	999	0	0	0	0	0	0	0	主角武器强化至81级	135000	0	0	0		11099:1;	
10005082	10005081	武器强化	1	0	5	82	0	10	999	0	0	0	0	0	0	0	主角武器强化至82级	140000	0	0	0		11099:1;	
10005083	10005082	武器强化	1	0	5	83	0	10	999	0	0	0	0	0	0	0	主角武器强化至83级	145000	0	0	0		11099:1;	
10005084	10005083	武器强化	1	0	5	84	0	10	999	0	0	0	0	0	0	0	主角武器强化至84级	150000	0	0	0		11099:1;	
10005085	10005084	武器强化	1	0	5	85	0	10	999	0	0	0	0	0	0	0	主角武器强化至85级	155000	0	0	0		11099:1;	
10005086	10005085	武器强化	1	0	5	86	0	10	999	0	0	0	0	0	0	0	主角武器强化至86级	160000	0	0	0		11099:1;	
10005087	10005086	武器强化	1	0	5	87	0	10	999	0	0	0	0	0	0	0	主角武器强化至87级	165000	0	0	0		11099:1;	
10005088	10005087	武器强化	1	0	5	88	0	10	999	0	0	0	0	0	0	0	主角武器强化至88级	170000	0	0	0		11099:1;	
10005089	10005088	武器强化	1	0	5	89	0	10	999	0	0	0	0	0	0	0	主角武器强化至89级	175000	0	0	0		11099:1;	
10005090	10005089	武器强化	1	0	5	90	0	10	999	0	0	0	0	0	0	0	主角武器强化至90级	180000	0	0	0		11099:1;	
10005091	10005090	武器强化	1	0	5	91	0	10	999	0	0	0	0	0	0	0	主角武器强化至91级	185000	0	0	0		11099:1;	
10005092	10005091	武器强化	1	0	5	92	0	10	999	0	0	0	0	0	0	0	主角武器强化至92级	190000	0	0	0		11099:1;	
10005093	10005092	武器强化	1	0	5	93	0	10	999	0	0	0	0	0	0	0	主角武器强化至93级	195000	0	0	0		11099:1;	
10005094	10005093	武器强化	1	0	5	94	0	10	999	0	0	0	0	0	0	0	主角武器强化至94级	200000	0	0	0		11099:1;	
10005095	10005094	武器强化	1	0	5	95	0	10	999	0	0	0	0	0	0	0	主角武器强化至95级	210000	0	0	0		11099:1;	
10005096	10005095	武器强化	1	0	5	96	0	10	999	0	0	0	0	0	0	0	主角武器强化至96级	220000	0	0	0		11099:1;	
10005097	10005096	武器强化	1	0	5	97	0	10	999	0	0	0	0	0	0	0	主角武器强化至97级	230000	0	0	0		11099:1;	
10005098	10005097	武器强化	1	0	5	98	0	10	999	0	0	0	0	0	0	0	主角武器强化至98级	240000	0	0	0		11099:1;	
10005099	10005098	武器强化	1	0	5	99	0	10	999	0	0	0	0	0	0	0	主角武器强化至99级	250000	0	0	0		11099:1;	
10005100	10005099	武器强化	1	0	5	100	0	10	999	0	0	0	0	0	0	0	主角武器强化至100级	260000	0	0	0		11099:1;	
10047001	0	技能熟练	1	0	47	5	0	10	999	0	0	0	0	0	0	0	主角任意技能强化至5级	0	10	0	25			
10047002	10047001	技能熟练	1	0	47	10	0	10	999	0	0	0	0	0	0	0	主角任意技能强化至10级	0	10	0	25			
10047003	10047002	技能熟练	1	0	47	15	0	10	999	0	0	0	0	0	0	0	主角任意技能强化至15级	0	10	0	25			
10047004	10047003	技能熟练	1	0	47	20	0	10	999	0	0	0	0	0	0	0	主角任意技能强化至20级	0	10	0	25			
10047005	10047004	技能熟练	1	0	47	25	0	10	999	0	0	0	0	0	0	0	主角任意技能强化至25级	0	10	0	50			
10047006	10047005	技能熟练	1	0	47	30	0	10	999	0	0	0	0	0	0	0	主角任意技能强化至30级	0	10	0	50			
10047007	10047006	技能熟练	1	0	47	35	0	10	999	0	0	0	0	0	0	0	主角任意技能强化至35级	0	10	0	50			
10047008	10047007	技能熟练	1	0	47	40	0	10	999	0	0	0	0	0	0	0	主角任意技能强化至40级	0	10	0	50			
10047009	10047008	技能熟练	1	0	47	45	0	10	999	0	0	0	0	0	0	0	主角任意技能强化至45级	0	10	0	50			
10047010	10047009	技能熟练	1	0	47	50	0	10	999	0	0	0	0	0	0	0	主角任意技能强化至50级	0	10	0	50			
10047011	10047010	技能熟练	1	0	47	55	0	10	999	0	0	0	0	0	0	0	主角任意技能强化至55级	0	10	0	50			
10047012	10047011	技能熟练	1	0	47	60	0	10	999	0	0	0	0	0	0	0	主角任意技能强化至60级	0	10	0	50			
10047013	10047012	技能熟练	1	0	47	65	0	10	999	0	0	0	0	0	0	0	主角任意技能强化至65级	0	10	0	50			
10047014	10047013	技能熟练	1	0	47	70	0	10	999	0	0	0	0	0	0	0	主角任意技能强化至70级	0	10	0	50			
10047015	10047014	技能熟练	1	0	47	75	0	10	999	0	0	0	0	0	0	0	主角任意技能强化至75级	0	10	0	50			
10047016	10047015	技能熟练	1	0	47	80	0	10	999	0	0	0	0	0	0	0	主角任意技能强化至80级	0	10	0	50			
10047017	10047016	技能熟练	1	0	47	85	0	10	999	0	0	0	0	0	0	0	主角任意技能强化至85级	0	10	0	50			
10047018	10047017	技能熟练	1	0	47	90	0	10	999	0	0	0	0	0	0	0	主角任意技能强化至90级	0	10	0	50			
10047019	10047018	技能熟练	1	0	47	95	0	10	999	0	0	0	0	0	0	0	主角任意技能强化至95级	0	10	0	50			
10047020	10047019	技能熟练	1	0	47	100	0	10	999	0	0	0	0	0	0	0	主角任意技能强化至100级	0	10	0	50			
10003005	0	成长的回报	1	0	3	5	0	0	999	0	0	0	0	0	0	0	主角等级达到5级	0	0	0	0	71000001:40:0:0:0;72000001:40:0:0:0;		
10003010	10003005	成长的回报	1	0	3	10	0	0	999	0	0	0	0	0	0	0	主角等级达到10级	0	0	0	0	71000001:100:0:0:0;72000001:100:0:0:0;		
10003011	10003010	成长的回报	1	0	3	15	0	0	999	0	0	0	0	0	0	0	主角等级达到15级	0	0	0	0	20000019:1:0:0:10;20000020:1:0:0:20;20000041:1:0:0:30;20000051:1:0:0:43;		
10003012	10003011	成长的回报	1	0	3	20	0	0	999	0	0	0	0	0	0	0	主角等级达到20级	0	0	0	0	20000008:20:0:0:0;72000001:100:0:0:0;		
10003013	10003012	成长的回报	1	0	3	25	0	0	999	0	0	0	0	0	0	0	主角等级达到25级	0	25	0	0	91000001:5:0:0:0;72000003:1:0:0:0		
10003014	10003013	成长的回报	1	0	3	30	0	0	999	0	0	0	0	0	0	0	主角等级达到30级	0	0	0	0	20000009:15:0:0:0;73000001:100:0:0:0;		
10003015	10003014	成长的回报	1	0	3	35	0	0	999	0	0	0	0	0	0	0	主角等级达到35级	0	25	0	0	20000010:10:0:0:0;		
10003016	10003015	成长的回报	1	0	3	40	0	0	999	0	0	0	0	0	0	0	主角等级达到40级	0	0	0	0	72000001:100:0:0:0;		
10003017	10003016	成长的回报	1	0	3	45	0	0	999	0	0	0	0	0	0	0	主角等级达到45级	0	50	0	0	20000013:5:0:0:0;		
10003018	10003017	成长的回报	1	0	3	50	0	0	999	0	0	0	0	0	0	0	主角等级达到50级	0	0	0	0	20000029:1:0:0:0;73000001:100:0:0:0;		
10003019	10003018	成长的回报	1	0	3	55	0	0	999	0	0	0	0	0	0	0	主角等级达到55级	0	50	0	0	20000010:5:0:0:0;		
10003020	10003019	成长的回报	1	0	3	60	0	0	999	0	0	0	0	0	0	0	主角等级达到60级	0	0	0	0	20000013:5:0:0:0;74000001:40:0:0:0;		
10003021	10003020	成长的回报	1	0	3	65	0	0	999	0	0	0	0	0	0	0	主角等级达到65级	0	50	0	0	20000011:5:0:0:0;		
10003022	10003021	成长的回报	1	0	3	70	0	0	999	0	0	0	0	0	0	0	主角等级达到70级	0	0	0	0	20000013:5:0:0:0;73000001:100:0:0:0;		
10003023	10003022	成长的回报	1	0	3	75	0	0	999	0	0	0	0	0	0	0	主角等级达到75级	0	75	0	0	20000013:5:0:0:0;		
10003024	10003023	成长的回报	1	0	3	80	0	0	999	0	0	0	0	0	0	0	主角等级达到80级	0	0	0	0	20000013:10:0:0:0;74000001:40:0:0:0;		
10003025	10003024	成长的回报	1	0	3	85	0	0	999	0	0	0	0	0	0	0	主角等级达到85级	0	75	0	0	20000012:5:0:0:0;		
10003026	10003025	成长的回报	1	0	3	90	0	0	999	0	0	0	0	0	0	0	主角等级达到90级	0	0	0	0	20000012:5:0:0:0;75000001:40:0:0:0;		
10003027	10003026	成长的回报	1	0	3	95	0	0	999	0	0	0	0	0	0	0	主角等级达到95级	0	100	0	0	20000012:5:0:0:0;		
10003028	10003027	成长的回报	1	0	3	100	0	0	999	0	0	0	0	0	0	0	主角等级达到100级	0	100	0	0	20000012:5:0:0:0;74000001:20:0:0:0;75000001:20:0:0:0;		
10004001	0	英雄联盟	1	0	4	1	0	10	999	0	0	0	0	0	0	0	招募1名不同英雄	2000	0	0	0	10000004:1:0:0:0		
10004002	10004001	英雄联盟	1	0	4	2	0	10	999	0	0	0	0	0	0	0	招募2名不同英雄	2200	0	0	0	10000004:1:0:0:0		
10004003	10004002	英雄联盟	1	0	4	3	0	10	999	0	0	0	0	0	0	0	招募3名不同英雄	2400	0	0	0	10000004:1:0:0:0		
10004004	10004003	英雄联盟	1	0	4	4	0	10	999	0	0	0	0	0	0	0	招募4名不同英雄	2600	0	0	0	10000004:1:0:0:0		
10004005	10004004	英雄联盟	1	0	4	5	0	10	999	0	0	0	0	0	0	0	招募5名不同英雄	2800	0	0	0	10000004:1:0:0:0		
10004006	10004005	英雄联盟	1	0	4	6	0	10	999	0	0	0	0	0	0	0	招募6名不同英雄	3000	0	0	0	10000004:1:0:0:0		
10004007	10004006	英雄联盟	1	0	4	7	0	10	999	0	0	0	0	0	0	0	招募7名不同英雄	3200	0	0	0	10000004:1:0:0:0		
10004008	10004007	英雄联盟	1	0	4	8	0	10	999	0	0	0	0	0	0	0	招募8名不同英雄	3400	0	0	0	10000004:1:0:0:0		
10004009	10004008	英雄联盟	1	0	4	9	0	10	999	0	0	0	0	0	0	0	招募9名不同英雄	3600	0	0	0	10000004:1:0:0:0		
10004010	10004009	英雄联盟	1	0	4	10	0	10	999	0	0	0	0	0	0	0	招募10名不同英雄	3800	0	0	0	10000004:1:0:0:0		
10004011	10004010	英雄联盟	1	0	4	11	0	10	999	0	0	0	0	0	0	0	招募11名不同英雄	4000	0	0	0	10000004:1:0:0:0		
10004012	10004011	英雄联盟	1	0	4	12	0	10	999	0	0	0	0	0	0	0	招募12名不同英雄	4200	0	0	0	10000004:1:0:0:0		
10004013	10004012	英雄联盟	1	0	4	13	0	10	999	0	0	0	0	0	0	0	招募13名不同英雄	4400	0	0	0	10000004:1:0:0:0		
10004014	10004013	英雄联盟	1	0	4	14	0	10	999	0	0	0	0	0	0	0	招募14名不同英雄	4600	0	0	0	10000004:1:0:0:0		
10004015	10004014	英雄联盟	1	0	4	15	0	10	999	0	0	0	0	0	0	0	招募15名不同英雄	4800	0	0	0	10000004:1:0:0:0		
10004016	10004015	英雄联盟	1	0	4	16	0	10	999	0	0	0	0	0	0	0	招募16名不同英雄	5000	0	0	0	10000004:1:0:0:0		
10004017	10004016	英雄联盟	1	0	4	17	0	10	999	0	0	0	0	0	0	0	招募17名不同英雄	5200	0	0	0	10000004:1:0:0:0		
10004018	10004017	英雄联盟	1	0	4	18	0	10	999	0	0	0	0	0	0	0	招募18名不同英雄	5400	0	0	0	10000004:1:0:0:0		
10004019	10004018	英雄联盟	1	0	4	19	0	10	999	0	0	0	0	0	0	0	招募19名不同英雄	5600	0	0	0	10000004:1:0:0:0		
10004020	10004019	英雄联盟	1	0	4	20	0	10	999	0	0	0	0	0	0	0	招募20名不同英雄	5800	0	0	0	10000004:1:0:0:0		
10004021	10004020	英雄联盟	1	0	4	21	0	10	999	0	0	0	0	0	0	0	招募21名不同英雄	6000	0	0	0	10000004:1:0:0:0		
10004022	10004021	英雄联盟	1	0	4	22	0	10	999	0	0	0	0	0	0	0	招募22名不同英雄	6200	0	0	0	10000004:1:0:0:0		
10004023	10004022	英雄联盟	1	0	4	23	0	10	999	0	0	0	0	0	0	0	招募23名不同英雄	6400	0	0	0	10000004:1:0:0:0		
10004024	10004023	英雄联盟	1	0	4	24	0	10	999	0	0	0	0	0	0	0	招募24名不同英雄	6600	0	0	0	10000004:1:0:0:0		
10004025	10004024	英雄联盟	1	0	4	25	0	10	999	0	0	0	0	0	0	0	招募25名不同英雄	6800	0	0	0	10000004:1:0:0:0		
10004026	10004025	英雄联盟	1	0	4	26	0	10	999	0	0	0	0	0	0	0	招募26名不同英雄	7000	0	0	0	10000004:1:0:0:0		
10004027	10004026	英雄联盟	1	0	4	27	0	10	999	0	0	0	0	0	0	0	招募27名不同英雄	7200	0	0	0	10000004:1:0:0:0		
10004028	10004027	英雄联盟	1	0	4	28	0	10	999	0	0	0	0	0	0	0	招募28名不同英雄	7400	0	0	0	10000004:1:0:0:0		
10004029	10004028	英雄联盟	1	0	4	29	0	10	999	0	0	0	0	0	0	0	招募29名不同英雄	7600	0	0	0	10000004:1:0:0:0		
10004030	10004029	英雄联盟	1	0	4	30	0	10	999	0	0	0	0	0	0	0	招募30名不同英雄	7800	0	0	0	10000004:1:0:0:0		
10004031	10004030	英雄联盟	1	0	4	31	0	10	999	0	0	0	0	0	0	0	招募31名不同英雄	8000	0	0	0	10000004:1:0:0:0		
10004032	10004031	英雄联盟	1	0	4	32	0	10	999	0	0	0	0	0	0	0	招募32名不同英雄	8200	0	0	0	10000004:1:0:0:0		
10004033	10004032	英雄联盟	1	0	4	33	0	10	999	0	0	0	0	0	0	0	招募33名不同英雄	8400	0	0	0	10000004:1:0:0:0		
10004034	10004033	英雄联盟	1	0	4	34	0	10	999	0	0	0	0	0	0	0	招募34名不同英雄	8600	0	0	0	10000004:1:0:0:0		
10004035	10004034	英雄联盟	1	0	4	35	0	10	999	0	0	0	0	0	0	0	招募35名不同英雄	8800	0	0	0	10000004:1:0:0:0		
10004036	10004035	英雄联盟	1	0	4	36	0	10	999	0	0	0	0	0	0	0	招募36名不同英雄	9000	0	0	0	10000004:1:0:0:0		
10004037	10004036	英雄联盟	1	0	4	37	0	10	999	0	0	0	0	0	0	0	招募37名不同英雄	9200	0	0	0	10000004:1:0:0:0		
10004038	10004037	英雄联盟	1	0	4	38	0	10	999	0	0	0	0	0	0	0	招募38名不同英雄	9400	0	0	0	10000004:1:0:0:0		
10004039	10004038	英雄联盟	1	0	4	39	0	10	999	0	0	0	0	0	0	0	招募39名不同英雄	9600	0	0	0	10000004:1:0:0:0		
10004040	10004039	英雄联盟	1	0	4	40	0	10	999	0	0	0	0	0	0	0	招募40名不同英雄	9800	0	0	0	10000004:1:0:0:0		
10004041	10004040	英雄联盟	1	0	4	41	0	10	999	0	0	0	0	0	0	0	招募41名不同英雄	10000	0	0	0	10000004:1:0:0:0		
10004042	10004041	英雄联盟	1	0	4	42	0	10	999	0	0	0	0	0	0	0	招募42名不同英雄	10200	0	0	0	10000004:1:0:0:0		
10004043	10004042	英雄联盟	1	0	4	43	0	10	999	0	0	0	0	0	0	0	招募43名不同英雄	10400	0	0	0	10000004:1:0:0:0		
10004044	10004043	英雄联盟	1	0	4	44	0	10	999	0	0	0	0	0	0	0	招募44名不同英雄	10600	0	0	0	10000004:1:0:0:0		
10004045	10004044	英雄联盟	1	0	4	45	0	10	999	0	0	0	0	0	0	0	招募45名不同英雄	10800	0	0	0	10000004:1:0:0:0		
10004046	10004045	英雄联盟	1	0	4	46	0	10	999	0	0	0	0	0	0	0	招募46名不同英雄	11000	0	0	0	10000004:1:0:0:0		
10004047	10004046	英雄联盟	1	0	4	47	0	10	999	0	0	0	0	0	0	0	招募47名不同英雄	11200	0	0	0	10000004:1:0:0:0		
10004048	10004047	英雄联盟	1	0	4	48	0	10	999	0	0	0	0	0	0	0	招募48名不同英雄	11400	0	0	0	10000004:1:0:0:0		
10004049	10004048	英雄联盟	1	0	4	49	0	10	999	0	0	0	0	0	0	0	招募49名不同英雄	11600	0	0	0	10000004:1:0:0:0		
10004050	10004049	英雄联盟	1	0	4	50	0	10	999	0	0	0	0	0	0	0	招募50名不同英雄	11800	0	0	0	10000004:1:0:0:0		
10004051	10004050	英雄联盟	1	0	4	51	0	10	999	0	0	0	0	0	0	0	招募51名不同英雄	12000	0	0	0	10000004:1:0:0:0		
10004052	10004051	英雄联盟	1	0	4	52	0	10	999	0	0	0	0	0	0	0	招募52名不同英雄	13000	0	0	0	10000004:1:0:0:0		
10027001	0	训练卡牌	1	0	27	10	0	11	999	0	0	0	0	0	0	0	任意卡牌训练等级至10级	0	10	0	0			
10027002	10027001	训练卡牌	1	0	27	20	0	11	999	0	0	0	0	0	0	0	任意卡牌训练等级至20级	0	15	0	0			
10027003	10027002	训练卡牌	1	0	27	30	0	11	999	0	0	0	0	0	0	0	任意卡牌训练等级至30级	0	20	0	0			
10027004	10027003	训练卡牌	1	0	27	40	0	11	999	0	0	0	0	0	0	0	任意卡牌训练等级至40级	0	25	0	0			
10027005	10027004	训练卡牌	1	0	27	50	0	11	999	0	0	0	0	0	0	0	任意卡牌训练等级至50级	0	30	0	0			
10027006	10027005	训练卡牌	1	0	27	60	0	11	999	0	0	0	0	0	0	0	任意卡牌训练等级至60级	0	35	0	0			
10027007	10027006	训练卡牌	1	0	27	70	0	11	999	0	0	0	0	0	0	0	任意卡牌训练等级至70级	0	40	0	0			
10027008	10027007	训练卡牌	1	0	27	80	0	50	999	0	0	0	0	0	0	0	任意卡牌训练等级至80级	0	45	0	0			
10027009	10027008	训练卡牌	1	0	27	90	0	50	999	0	0	0	0	0	0	0	任意卡牌训练等级至90级	0	50	0	0			
10027010	10027009	训练卡牌	1	0	27	100	0	50	999	0	0	0	0	0	0	0	任意卡牌训练等级至100级	0	55	0	0			
10033001	0	无上荣耀	1	0	34	30	0	13	999	0	0	0	0	0	0	0	通过天梯战斗累计获得30荣誉点	2000	0	0	0	20000046:1:0:0:0		
10033002	10033001	无上荣耀	1	0	34	60	0	13	999	0	0	0	0	0	0	0	通过天梯战斗累计获得60荣誉点	3000	0	0	0	20000046:1:0:0:0		
10033003	10033002	无上荣耀	1	0	34	90	0	13	999	0	0	0	0	0	0	0	通过天梯战斗累计获得90荣誉点	4000	0	0	0	20000046:1:0:0:0		
10033004	10033003	无上荣耀	1	0	34	120	0	13	999	0	0	0	0	0	0	0	通过天梯战斗累计获得120荣誉点	5000	0	0	0	20000046:1:0:0:0		
10033005	10033004	无上荣耀	1	0	34	150	0	13	999	0	0	0	0	0	0	0	通过天梯战斗累计获得150荣誉点	6000	0	0	0	20000046:1:0:0:0		
10033006	10033005	无上荣耀	1	0	34	180	0	13	999	0	0	0	0	0	0	0	通过天梯战斗累计获得180荣誉点	7000	0	0	0	20000046:1:0:0:0		
10033007	10033006	无上荣耀	1	0	34	210	0	13	999	0	0	0	0	0	0	0	通过天梯战斗累计获得210荣誉点	8000	0	0	0	20000046:1:0:0:0		
10033008	10033007	无上荣耀	1	0	34	400	0	13	999	0	0	0	0	0	0	0	通过天梯战斗累计获得400荣誉点	9000	0	0	0	20000046:2:0:0:0		
10033009	10033008	无上荣耀	1	0	34	450	0	13	999	0	0	0	0	0	0	0	通过天梯战斗累计获得450荣誉点	10000	0	0	0	20000046:2:0:0:0		
10033010	10033009	无上荣耀	1	0	34	500	0	13	999	0	0	0	0	0	0	0	通过天梯战斗累计获得500荣誉点	11000	0	0	0	20000046:2:0:0:0		
10033011	10033010	无上荣耀	1	0	34	550	0	13	999	0	0	0	0	0	0	0	通过天梯战斗累计获得550荣誉点	12000	0	0	0	20000046:2:0:0:0		
10033012	10033011	无上荣耀	1	0	34	600	0	13	999	0	0	0	0	0	0	0	通过天梯战斗累计获得600荣誉点	13000	0	0	0	20000046:2:0:0:0		
10033013	10033012	无上荣耀	1	0	34	650	0	13	999	0	0	0	0	0	0	0	通过天梯战斗累计获得650荣誉点	14000	0	0	0	20000046:2:0:0:0		
10033014	10033013	无上荣耀	1	0	34	700	0	13	999	0	0	0	0	0	0	0	通过天梯战斗累计获得700荣誉点	15000	0	0	0	20000046:2:0:0:0		
10033015	10033014	无上荣耀	1	0	34	750	0	13	999	0	0	0	0	0	0	0	通过天梯战斗累计获得750荣誉点	16000	0	0	0	20000046:2:0:0:0		
10033016	10033015	无上荣耀	1	0	34	800	0	13	999	0	0	0	0	0	0	0	通过天梯战斗累计获得800荣誉点	17000	0	0	0	20000046:2:0:0:0		
10033017	10033016	无上荣耀	1	0	34	850	0	13	999	0	0	0	0	0	0	0	通过天梯战斗累计获得850荣誉点	18000	0	0	0	20000046:2:0:0:0		
10033018	10033017	无上荣耀	1	0	34	900	0	13	999	0	0	0	0	0	0	0	通过天梯战斗累计获得900荣誉点	19000	0	0	0	20000046:2:0:0:0		
10033019	10033018	无上荣耀	1	0	34	950	0	13	999	0	0	0	0	0	0	0	通过天梯战斗累计获得950荣誉点	20000	0	0	0	20000046:2:0:0:0		
10033020	10033019	无上荣耀	1	0	34	1000	0	13	999	0	0	0	0	0	0	0	通过天梯战斗累计获得1000荣誉点	21000	0	0	0	20000046:2:0:0:0		
10024001	0	武器品质提升1	1	0	24	2	0	20	999	0	0	0	0	0	0	0	任意武器提升至蓝色品质	0	10	0	0			
10024002	10024001	武器品质提升2	1	0	24	3	0	20	999	0	0	0	0	0	0	0	任意武器提升至黄色品质	0	30	0	0			
10024003	10024002	武器品质提升3	1	0	24	4	0	20	999	0	0	0	0	0	0	0	任意武器提升至紫色品质	0	50	0	0			
10024004	10024003	武器品质提升4	1	0	24	5	0	20	999	0	0	0	0	0	0	0	任意武器提升至橙色品质	0	100	0	0			
10024005	10024004	武器品质提升5	1	0	24	6	0	20	999	0	0	0	0	0	0	0	任意武器提升至银色品质	0	200	0	0			
10053001	10024005	武器大师1	1	0	53	1	0	14	999	0	0	0	0	0	0	0	任意银武精练至1星	0	250	0	0			
10053002	10053001	武器大师2	1	0	53	2	0	14	999	0	0	0	0	0	0	0	任意银武精练至2星	0	260	0	0			
10053003	10053002	武器大师3	1	0	53	3	0	14	999	0	0	0	0	0	0	0	任意银武精练至3星	0	270	0	0			
10053004	10053003	武器大师4	1	0	53	4	0	14	999	0	0	0	0	0	0	0	任意银武精练至4星	0	280	0	0			
10053005	10053004	武器大师5	1	0	53	5	0	14	999	0	0	0	0	0	0	0	任意银武精练至5星	0	290	0	0			
10053006	10053005	武器大师6	1	0	53	6	0	14	999	0	0	0	0	0	0	0	任意银武精练至6星	0	300	0	0			
10053007	10053006	武器大师7	1	0	53	7	0	14	999	0	0	0	0	0	0	0	任意银武精练至7星	0	310	0	0			
10053008	10053007	武器大师8	1	0	53	8	0	14	999	0	0	0	0	0	0	0	任意银武精练至8星	0	320	0	0			
10053009	10053008	武器大师9	1	0	53	9	0	14	999	0	0	0	0	0	0	0	任意银武精练至9星	0	330	0	0			
10053010	10053009	武器大师10	1	0	53	10	0	14	999	0	0	0	0	0	0	0	任意银武精练至10星	0	340	0	0			
10022001	0	卡牌突破	1	0	22	1	0	17	999	0	0	0	0	0	0	0	任意卡牌突破一星	0	10	0	0			
10022002	10021001	卡牌突破+2	1	0	22	2	0	17	999	0	0	0	0	0	0	0	任意卡牌突破二星	0	20	0	0			
10022003	10022001	卡牌突破+3	1	0	22	3	0	17	999	0	0	0	0	0	0	0	任意卡牌突破三星	0	30	0	0			
10022004	10022002	卡牌突破+4	1	0	22	4	0	17	999	0	0	0	0	0	0	0	任意卡牌突破四星	0	100	0	0			
10022005	10022003	卡牌突破+Max	1	0	22	5	0	17	999	0	0	0	0	0	0	0	任意卡牌突破五星	0	300	0	0			
10025001	0	实力的证明	1	0	25	2000	0	15	999	0	0	0	0	0	0	0	战斗力达到2000	0	10	0	0			
10025002	10025001	实力的证明	1	0	25	3000	0	15	999	0	0	0	0	0	0	0	战斗力达到3000	0	12	0	0			
10025003	10025002	实力的证明	1	0	25	4000	0	15	999	0	0	0	0	0	0	0	战斗力达到4000	0	14	0	0			
10025004	10025003	实力的证明	1	0	25	5000	0	15	999	0	0	0	0	0	0	0	战斗力达到5000	0	16	0	0			
10025005	10025004	实力的证明	1	0	25	7000	0	15	999	0	0	0	0	0	0	0	战斗力达到7000	0	18	0	0			
10025006	10025005	实力的证明	1	0	25	10000	0	15	999	0	0	0	0	0	0	0	战斗力达到10000	0	20	0	0			
10025007	10025006	实力的证明	1	0	25	15000	0	15	999	0	0	0	0	0	0	0	战斗力达到15000	0	22	0	0			
10025008	10025007	实力的证明	1	0	25	20000	0	15	999	0	0	0	0	0	0	0	战斗力达到20000	0	24	0	0			
10025009	10025008	实力的证明	1	0	25	25000	0	15	999	0	0	0	0	0	0	0	战斗力达到25000	0	26	0	0			
10025010	10025009	实力的证明	1	0	25	30000	0	15	999	0	0	0	0	0	0	0	战斗力达到30000	0	28	0	0			
10025011	10025010	实力的证明	1	0	25	35000	0	15	999	0	0	0	0	0	0	0	战斗力达到35000	0	30	0	0			
10025012	10025011	实力的证明	1	0	25	40000	0	15	999	0	0	0	0	0	0	0	战斗力达到40000	0	32	0	0			
10025013	10025012	实力的证明	1	0	25	50000	0	15	999	0	0	0	0	0	0	0	战斗力达到50000	0	34	0	0			
10025014	10025013	实力的证明	1	0	25	60000	0	15	999	0	0	0	0	0	0	0	战斗力达到60000	0	36	0	0			
10025015	10025014	实力的证明	1	0	25	70000	0	15	999	0	0	0	0	0	0	0	战斗力达到70000	0	38	0	0			
10025016	10025015	实力的证明	1	0	25	80000	0	15	999	0	0	0	0	0	0	0	战斗力达到80000	0	40	0	0			
10025017	10025016	实力的证明	1	0	25	90000	0	15	999	0	0	0	0	0	0	0	战斗力达到90000	0	42	0	0			
10025018	10025017	实力的证明	1	0	25	100000	0	15	999	0	0	0	0	0	0	0	战斗力达到100000	0	44	0	0			
10025019	10025018	实力的证明	1	0	25	120000	0	15	999	0	0	0	0	0	0	0	战斗力达到120000	0	46	0	0			
10025020	10025019	实力的证明	1	0	25	140000	0	15	999	0	0	0	0	0	0	0	战斗力达到140000	0	48	0	0			
10025021	10025020	实力的证明	1	0	25	160000	0	15	999	0	0	0	0	0	0	0	战斗力达到160000	0	50	0	0			
10025022	10025021	实力的证明	1	0	25	180000	0	15	999	0	0	0	0	0	0	0	战斗力达到180000	0	52	0	0			
10025023	10025022	实力的证明	1	0	25	200000	0	15	999	0	0	0	0	0	0	0	战斗力达到200000	0	54	0	0			
10025024	10025023	实力的证明	1	0	25	220000	0	15	999	0	0	0	0	0	0	0	战斗力达到220000	0	56	0	0			
10025025	10025024	实力的证明	1	0	25	240000	0	15	999	0	0	0	0	0	0	0	战斗力达到240000	0	58	0	0			
10025026	10025025	实力的证明	1	0	25	260000	0	15	999	0	0	0	0	0	0	0	战斗力达到260000	0	60	0	0			
10025027	10025026	实力的证明	1	0	25	280000	0	15	999	0	0	0	0	0	0	0	战斗力达到280000	0	62	0	0			
10025028	10025027	实力的证明	1	0	25	300000	0	15	999	0	0	0	0	0	0	0	战斗力达到300000	0	64	0	0			
10025029	10025028	实力的证明	1	0	25	350000	0	15	999	0	0	0	0	0	0	0	战斗力达到350000	0	66	0	0			
10025030	10025029	实力的证明	1	0	25	400000	0	15	999	0	0	0	0	0	0	0	战斗力达到400000	0	68	0	0			
10054001	0	俱乐部强者	1	0	54	10	0	10	999	0	0	0	0	0	0	0	累计挑战任意星级俱乐部胜利10次	2000	10	0	0			
10054002	10054001	俱乐部强者	1	0	54	20	0	10	999	0	0	0	0	0	0	0	累计挑战任意星级俱乐部胜利20次	2000	10	0	0			
10054003	10054002	俱乐部强者	1	0	54	30	0	10	999	0	0	0	0	0	0	0	累计挑战任意星级俱乐部胜利30次	2000	10	0	0			
10054004	10054003	俱乐部强者	1	0	54	40	0	10	999	0	0	0	0	0	0	0	累计挑战任意星级俱乐部胜利40次	2000	10	0	0			
10054005	10054004	俱乐部强者	1	0	54	50	0	10	999	0	0	0	0	0	0	0	累计挑战任意星级俱乐部胜利50次	2000	10	0	0			
10054006	10054005	俱乐部强者	1	0	54	60	0	10	999	0	0	0	0	0	0	0	累计挑战任意星级俱乐部胜利60次	2000	10	0	0			
10054007	10054006	俱乐部强者	1	0	54	70	0	10	999	0	0	0	0	0	0	0	累计挑战任意星级俱乐部胜利70次	2000	10	0	0			
10054008	10054007	俱乐部强者	1	0	54	80	0	10	999	0	0	0	0	0	0	0	累计挑战任意星级俱乐部胜利80次	2000	10	0	0			
10054009	10054008	俱乐部强者	1	0	54	90	0	10	999	0	0	0	0	0	0	0	累计挑战任意星级俱乐部胜利90次	2000	10	0	0			
10054010	10054009	俱乐部强者	1	0	54	100	0	10	999	0	0	0	0	0	0	0	累计挑战任意星级俱乐部胜利100次	2000	10	0	0			
10054011	10054010	俱乐部强者	1	0	54	120	0	10	999	0	0	0	0	0	0	0	累计挑战任意星级俱乐部胜利120次	2000	15	0	0			
10054012	10054011	俱乐部强者	1	0	54	140	0	10	999	0	0	0	0	0	0	0	累计挑战任意星级俱乐部胜利140次	2000	20	0	0			
10054013	10054012	俱乐部强者	1	0	54	160	0	10	999	0	0	0	0	0	0	0	累计挑战任意星级俱乐部胜利160次	2000	25	0	0			
10054014	10054013	俱乐部强者	1	0	54	180	0	10	999	0	0	0	0	0	0	0	累计挑战任意星级俱乐部胜利180次	2000	30	0	0			
10054015	10054014	俱乐部强者	1	0	54	200	0	10	999	0	0	0	0	0	0	0	累计挑战任意星级俱乐部胜利200次	2000	35	0	0			
10054016	10054015	俱乐部强者	1	0	54	220	0	10	999	0	0	0	0	0	0	0	累计挑战任意星级俱乐部胜利220次	2000	40	0	0			
10054017	10054016	俱乐部强者	1	0	54	240	0	10	999	0	0	0	0	0	0	0	累计挑战任意星级俱乐部胜利240次	2000	45	0	0			
10054018	10054017	俱乐部强者	1	0	54	260	0	10	999	0	0	0	0	0	0	0	累计挑战任意星级俱乐部胜利260次	2000	50	0	0			
10054019	10054018	俱乐部强者	1	0	54	280	0	10	999	0	0	0	0	0	0	0	累计挑战任意星级俱乐部胜利280次	2000	55	0	0			
10054020	10054019	俱乐部强者	1	0	54	300	0	10	999	0	0	0	0	0	0	0	累计挑战任意星级俱乐部胜利300次	2000	60	0	0			
10054021	10054020	俱乐部强者	1	0	54	350	0	10	999	0	0	0	0	0	0	0	累计挑战任意星级俱乐部胜利350次	2000	70	0	0			
10054022	10054021	俱乐部强者	1	0	54	400	0	10	999	0	0	0	0	0	0	0	累计挑战任意星级俱乐部胜利400次	2000	80	0	0			
10054023	10054022	俱乐部强者	1	0	54	450	0	10	999	0	0	0	0	0	0	0	累计挑战任意星级俱乐部胜利450次	2000	90	0	0			
10054024	10054023	俱乐部强者	1	0	54	500	0	10	999	0	0	0	0	0	0	0	累计挑战任意星级俱乐部胜利500次	2000	100	0	0			
10054025	10054024	俱乐部强者	1	0	54	550	0	10	999	0	0	0	0	0	0	0	累计挑战任意星级俱乐部胜利550次	2000	110	0	0			
10054026	10054025	俱乐部强者	1	0	54	600	0	10	999	0	0	0	0	0	0	0	累计挑战任意星级俱乐部胜利600次	2000	120	0	0			
10054027	10054026	俱乐部强者	1	0	54	650	0	10	999	0	0	0	0	0	0	0	累计挑战任意星级俱乐部胜利650次	2000	130	0	0			
10054028	10054027	俱乐部强者	1	0	54	700	0	10	999	0	0	0	0	0	0	0	累计挑战任意星级俱乐部胜利700次	2000	140	0	0			
10054029	10054028	俱乐部强者	1	0	54	750	0	10	999	0	0	0	0	0	0	0	累计挑战任意星级俱乐部胜利750次	2000	150	0	0			
10054030	10054029	俱乐部强者	1	0	54	800	0	10	999	0	0	0	0	0	0	0	累计挑战任意星级俱乐部胜利800次	2000	160	0	0			
10054031	10054030	俱乐部强者	1	0	54	850	0	10	999	0	0	0	0	0	0	0	累计挑战任意星级俱乐部胜利850次	2000	170	0	0			
10054032	10054031	俱乐部强者	1	0	54	900	0	10	999	0	0	0	0	0	0	0	累计挑战任意星级俱乐部胜利900次	2000	180	0	0			
10054033	10054032	俱乐部强者	1	0	54	950	0	10	999	0	0	0	0	0	0	0	累计挑战任意星级俱乐部胜利950次	2000	190	0	0			
10054034	10054033	俱乐部强者	1	0	54	1000	0	10	999	0	0	0	0	0	0	0	累计挑战任意星级俱乐部胜利1000次	2000	200	0	0			
10054035	10054034	俱乐部强者	1	0	54	1100	0	10	999	0	0	0	0	0	0	0	累计挑战任意星级俱乐部胜利1100次	2000	220	0	0			
10054036	10054035	俱乐部强者	1	0	54	1200	0	10	999	0	0	0	0	0	0	0	累计挑战任意星级俱乐部胜利1200次	2000	240	0	0			
10054037	10054036	俱乐部强者	1	0	54	1300	0	10	999	0	0	0	0	0	0	0	累计挑战任意星级俱乐部胜利1300次	2000	260	0	0			
10054038	10054037	俱乐部强者	1	0	54	1500	0	10	999	0	0	0	0	0	0	0	累计挑战任意星级俱乐部胜利1500次	2000	300	0	0			
10055001	0	无尽回廊	1	0	55	5	0	23	999	0	0	0	0	0	0	0	无尽回廊达到5层	2000	10	0	0			
10055002	10055001	无尽回廊	1	0	55	10	0	23	999	0	0	0	0	0	0	0	无尽回廊达到10层	2500	12	0	0			
10055003	10055002	无尽回廊	1	0	55	15	0	23	999	0	0	0	0	0	0	0	无尽回廊达到15层	3000	14	0	0			
10055004	10055003	无尽回廊	1	0	55	20	0	23	999	0	0	0	0	0	0	0	无尽回廊达到20层	3500	16	0	0			
10055005	10055004	无尽回廊	1	0	55	25	0	23	999	0	0	0	0	0	0	0	无尽回廊达到25层	4000	18	0	0			
10055006	10055005	无尽回廊	1	0	55	30	0	23	999	0	0	0	0	0	0	0	无尽回廊达到30层	4500	20	0	0			
10055007	10055006	无尽回廊	1	0	55	35	0	23	999	0	0	0	0	0	0	0	无尽回廊达到35层	5000	22	0	0			
10055008	10055007	无尽回廊	1	0	55	40	0	23	999	0	0	0	0	0	0	0	无尽回廊达到40层	10000	24	0	0			
10055009	10055008	无尽回廊	1	0	55	45	0	23	999	0	0	0	0	0	0	0	无尽回廊达到45层	15000	26	0	0			
10055010	10055009	无尽回廊	1	0	55	50	0	23	999	0	0	0	0	0	0	0	无尽回廊达到50层	20000	28	0	0			
10055011	10055010	无尽回廊	1	0	55	55	0	23	999	0	0	0	0	0	0	0	无尽回廊达到55层	25000	30	0	0			
10055012	10055011	无尽回廊	1	0	55	60	0	23	999	0	0	0	0	0	0	0	无尽回廊达到60层	30000	32	0	0			
10055013	10055012	无尽回廊	1	0	55	65	0	23	999	0	0	0	0	0	0	0	无尽回廊达到65层	35000	34	0	0			
10055014	10055013	无尽回廊	1	0	55	70	0	23	999	0	0	0	0	0	0	0	无尽回廊达到70层	40000	36	0	0			
10055015	10055014	无尽回廊	1	0	55	75	0	23	999	0	0	0	0	0	0	0	无尽回廊达到75层	45000	38	0	0			
10055016	10055015	无尽回廊	1	0	55	80	0	23	999	0	0	0	0	0	0	0	无尽回廊达到80层	50000	40	0	0			
10055017	10055016	无尽回廊	1	0	55	85	0	23	999	0	0	0	0	0	0	0	无尽回廊达到85层	55000	42	0	0			
10055018	10055017	无尽回廊	1	0	55	90	0	23	999	0	0	0	0	0	0	0	无尽回廊达到90层	60000	44	0	0			
10055019	10055018	无尽回廊	1	0	55	95	0	23	999	0	0	0	0	0	0	0	无尽回廊达到95层	65000	46	0	0			
10055020	10055019	无尽回廊	1	0	55	100	0	23	999	0	0	0	0	0	0	0	无尽回廊达到100层	70000	48	0	0			
10055021	10055020	无尽回廊	1	0	55	105	0	23	999	0	0	0	0	0	0	0	无尽回廊达到105层	75000	50	0	0			
10055022	10055021	无尽回廊	1	0	55	110	0	23	999	0	0	0	0	0	0	0	无尽回廊达到110层	80000	52	0	0			
10055023	10055022	无尽回廊	1	0	55	115	0	23	999	0	0	0	0	0	0	0	无尽回廊达到115层	85000	54	0	0			
10055024	10055023	无尽回廊	1	0	55	120	0	23	999	0	0	0	0	0	0	0	无尽回廊达到120层	90000	56	0	0			
10055025	10055024	无尽回廊	1	0	55	125	0	23	999	0	0	0	0	0	0	0	无尽回廊达到125层	95000	58	0	0			
10055026	10055025	无尽回廊	1	0	55	130	0	23	999	0	0	0	0	0	0	0	无尽回廊达到130层	100000	60	0	0			
10055027	10055026	无尽回廊	1	0	55	135	0	23	999	0	0	0	0	0	0	0	无尽回廊达到135层	105000	62	0	0			
10055028	10055027	无尽回廊	1	0	55	140	0	23	999	0	0	0	0	0	0	0	无尽回廊达到140层	110000	64	0	0			
10055029	10055028	无尽回廊	1	0	55	145	0	23	999	0	0	0	0	0	0	0	无尽回廊达到145层	115000	66	0	0			
10055030	10055029	无尽回廊	1	0	55	150	0	23	999	0	0	0	0	0	0	0	无尽回廊达到150层	120000	68	0	0			
10055031	10055030	无尽回廊	1	0	55	155	0	23	999	0	0	0	0	0	0	0	无尽回廊达到155层	125000	70	0	0			
10055032	10055031	无尽回廊	1	0	55	160	0	23	999	0	0	0	0	0	0	0	无尽回廊达到160层	130000	72	0	0			
10055033	10055032	无尽回廊	1	0	55	165	0	23	999	0	0	0	0	0	0	0	无尽回廊达到165层	135000	74	0	0			
10055034	10055033	无尽回廊	1	0	55	170	0	23	999	0	0	0	0	0	0	0	无尽回廊达到170层	140000	76	0	0			
10055035	10055034	无尽回廊	1	0	55	175	0	23	999	0	0	0	0	0	0	0	无尽回廊达到175层	145000	78	0	0			
10055036	10055035	无尽回廊	1	0	55	180	0	23	999	0	0	0	0	0	0	0	无尽回廊达到180层	150000	80	0	0			
10055037	10055036	无尽回廊	1	0	55	185	0	23	999	0	0	0	0	0	0	0	无尽回廊达到185层	160000	82	0	0			
10055038	10055037	无尽回廊	1	0	55	190	0	23	999	0	0	0	0	0	0	0	无尽回廊达到190层	170000	84	0	0			
10055039	10055038	无尽回廊	1	0	55	195	0	23	999	0	0	0	0	0	0	0	无尽回廊达到195层	180000	86	0	0			
10055040	10055039	无尽回廊	1	0	55	200	0	23	999	0	0	0	0	0	0	0	无尽回廊达到200层	200000	88	0	0			
30042001	0	副本杀手	3	0	42	10	0	15	19	0	0	0	0	0	0	0	挑战任意关卡10次	0	0	1500	0			
30050001	0	怪物猎人	3	0	50	50	0	15	19	0	0	0	0	0	0	0	猎杀50只关卡怪物	1000	0	1500	0			
30049001	0	精湛的技艺	3	0	49	1	0	15	19	0	0	0	0	0	0	0	任意技能升级1次	0	0	1500	0		11099:1;	
30048001	0	武器强化	3	0	48	1	0	15	19	0	0	0	0	0	0	0	任意武器强化1次	0	0	1500	0	71000001:5:0:0:0;72000001:10:0:0:0;		
30065001	0	派出探员	3	0	65	1	0	15	19	0	0	0	0	0	0	0	派出探员进行1次招募	10000	0	1500	0	71000001:5:0:0:0;72000001:10:0:0:0;		
30026001	0	日常训练	3	0	26	1	0	15	19	0	0	0	0	0	0	0	任意卡牌训练1次	0	0	1500	0			
30040001	0	挑战俱乐部	3	0	40	2	0	15	19	0	0	0	0	0	0	0	进行2次俱乐部挑战	0	0	1500	0	71000001:5:0:0:0;72000001:10:0:0:0;		
30019001	0	荣耀天梯	3	0	19	10	0	15	19	0	0	0	0	0	0	0	在荣耀天梯中完成10次挑战	2000	10	0	0			
30045001	0	体力购买	3	0	45	1	0	15	19	0	0	0	0	0	0	0	购买1次体力	0	0	1500	0	71000001:5:0:0:0;72000001:10:0:0:0;		
30066001	0	摇钱树	3	0	66	1	0	15	19	0	0	0	0	0	0	0	进行1次摇钱树	0	0	1500	0			
30042002	0	副本杀手	3	0	42	10	0	20	29	0	0	0	0	0	0	0	挑战任意关卡10次	0	0	2100	0			
30050002	0	怪物猎人	3	0	50	50	0	20	29	0	0	0	0	0	0	0	猎杀50只关卡怪物	3000	0	2100	0			
30049002	0	精湛的技艺	3	0	49	1	0	20	29	0	0	0	0	0	0	0	任意技能升级1次	0	0	2100	0		21099:1;	
30048002	0	武器强化	3	0	48	1	0	20	29	0	0	0	0	0	0	0	任意武器强化1次	0	0	2100	0	71000001:10:0:0:0;72000001:15:0:0:0;		
30065002	0	派出探员	3	0	65	1	0	20	29	0	0	0	0	0	0	0	派出探员进行1次招募	15000	0	2100	0	71000001:10:0:0:0;72000001:15:0:0:0;		
30026002	0	日常训练	3	0	26	1	0	20	29	0	0	0	0	0	0	0	任意卡牌训练1次	0	0	2100	0			
30040002	0	挑战俱乐部	3	0	40	2	0	20	29	0	0	0	0	0	0	0	进行2次俱乐部挑战	0	0	2100	0	71000001:10:0:0:0;72000001:15:0:0:0;		
30019002	0	荣耀天梯	3	0	19	10	0	20	29	0	0	0	0	0	0	0	在荣耀天梯中完成10次挑战	3000	10	0	0			
30045002	0	体力购买	3	0	45	1	0	20	29	0	0	0	0	0	0	0	购买一次体力	0	0	2100	0	71000001:10:0:0:0;72000001:15:0:0:0;		
30066002	0	摇钱树	3	0	66	1	0	20	29	0	0	0	0	0	0	0	进行1次摇钱树	0	0	2100	0			
30042003	0	副本杀手	3	0	42	10	0	30	44	0	0	0	0	0	0	0	挑战任意关卡10次	0	0	2800	0			
30050003	0	怪物猎人	3	0	50	50	0	30	44	0	0	0	0	0	0	0	猎杀50只关卡怪物	5000	0	2800	0	71000001:10:0:0:0;72000001:15:0:0:0;		
30049003	0	精湛的技艺	3	0	49	1	0	30	44	0	0	0	0	0	0	0	任意技能升级1次	0	0	2800	0		31099:1;	
30048003	0	武器强化	3	0	48	1	0	30	44	0	0	0	0	0	0	0	任意武器强化1次	0	0	2800	0	72000001:15:0:0:0;73000001:10:0:0:0;		
30065003	0	派出探员	3	0	65	1	0	30	44	0	0	0	0	0	0	0	派出探员进行1次招募	20000	0	2800	0	72000001:15:0:0:0;73000001:10:0:0:0;		
30026003	0	日常训练	3	0	26	1	0	30	44	0	0	0	0	0	0	0	任意卡牌训练1次	0	0	5600	0			
30040003	0	挑战俱乐部	3	0	40	2	0	30	44	0	0	0	0	0	0	0	进行2次俱乐部挑战	0	0	2800	0	72000001:15:0:0:0;73000001:10:0:0:0;		
30019003	0	荣耀天梯	3	0	19	12	0	30	44	0	0	0	0	0	0	0	在荣耀天梯中完成12次挑战	5000	10	0	0			
30045003	0	体力购买	3	0	45	1	0	30	44	0	0	0	0	0	0	0	购买1次体力	0	0	2800	0	72000001:15:0:0:0;73000001:10:0:0:0;		
30061003	0	无尽回廊	3	0	61	5	0	30	44	0	0	0	0	0	0	0	挑战无尽回廊5层	0	0	2800	0	72000001:15:0:0:0;73000001:10:0:0:0;		
30042004	0	副本杀手	3	0	42	10	0	45	59	0	0	0	0	0	0	0	挑战任意关卡10次	0	0	3600	0			
30050004	0	怪物猎人	3	0	50	50	0	45	59	0	0	0	0	0	0	0	猎杀50只关卡怪物	5000	0	3600	0	72000001:15:0:0:0;73000001:10:0:0:0;		
30049004	0	精湛的技艺	3	0	49	1	0	45	59	0	0	0	0	0	0	0	任意技能升级1次	0	0	3600	0		31099:1;	
30048004	0	武器强化	3	0	48	1	0	45	59	0	0	0	0	0	0	0	任意武器强化1次	0	0	3600	0	73000001:10:0:0:0;74000001:8:0:0:0;		
30065004	0	派出探员	3	0	65	1	0	45	59	0	0	0	0	0	0	0	派出探员进行1次招募	20000	0	3600	0	73000001:10:0:0:0;74000001:8:0:0:0;		
30026004	0	日常训练	3	0	26	1	0	45	59	0	0	0	0	0	0	0	任意卡牌训练1次	0	0	7200	0			
30040004	0	挑战俱乐部	3	0	40	2	0	45	59	0	0	0	0	0	0	0	进行2次俱乐部挑战	0	0	3600	0	73000001:10:0:0:0;74000001:8:0:0:0;		
30019004	0	荣耀天梯	3	0	19	15	0	45	59	0	0	0	0	0	0	0	在荣耀天梯中完成15次挑战	5000	10	0	0			
30045004	0	体力购买	3	0	45	1	0	45	59	0	0	0	0	0	0	0	购买1次体力	0	0	3600	0	73000001:10:0:0:0;74000001:8:0:0:0;		
30061004	0	无尽回廊	3	0	61	5	0	45	59	0	0	0	0	0	0	0	挑战无尽回廊5层	0	0	3600	0	73000001:10:0:0:0;74000001:8:0:0:0;		
30042005	0	副本杀手	3	0	42	10	0	60	100	0	0	0	0	0	0	0	挑战任意关卡10次	0	0	4500	0			
30050005	0	怪物猎人	3	0	50	50	0	60	100	0	0	0	0	0	0	0	猎杀50只关卡怪物	5000	0	4500	0	73000001:10:0:0:0;74000001:8:0:0:0;		
30049005	0	精湛的技艺	3	0	49	1	0	60	100	0	0	0	0	0	0	0	任意技能升级1次	0	0	4500	0		31099:1;	
30048005	0	武器强化	3	0	48	1	0	60	100	0	0	0	0	0	0	0	任意武器强化1次	0	0	4500	0	74000001:8:0:0:0;75000001:5:0:0:0;		
30065005	0	派出探员	3	0	65	1	0	60	100	0	0	0	0	0	0	0	派出探员进行1次招募	20000	0	4500	0	74000001:8:0:0:0;75000001:5:0:0:0;		
30026005	0	日常训练	3	0	26	1	0	60	100	0	0	0	0	0	0	0	任意卡牌训练1次	0	0	9000	0			
30040005	0	挑战俱乐部	3	0	40	2	0	60	100	0	0	0	0	0	0	0	进行2次俱乐部挑战	0	0	4500	0	74000001:8:0:0:0;75000001:5:0:0:0;		
30019005	0	荣耀天梯	3	0	19	15	0	60	100	0	0	0	0	0	0	0	在荣耀天梯中完成15次挑战	5000	10	0	0			
30045005	0	体力购买	3	0	45	1	0	60	100	0	0	0	0	0	0	0	购买1次体力	0	0	4500	0	74000001:8:0:0:0;75000001:5:0:0:0;		
30061005	0	无尽回廊	3	0	61	5	0	60	100	0	0	0	0	0	0	0	挑战无尽回廊5层	0	0	4500	0	74000001:8:0:0:0;75000001:5:0:0:0;		
30063000	0	横扫千军	3	0	63	0	0	15	100	0	0	0	0	0	0	0	VIP玩家每天可免费领取扫荡券	0	0	0	0	70000005:0:0:0:0;		
90000001	0	卡牌突破材料	1	0	64	0	0	17	100	0	0	0	0	0	0	0	领完奖励快去进行卡牌突破吧	0	0	0	0	0	31304:1;32104:1;	
