道具组id	道具类型	道具id	道具名称	道具数量	道具权重	需求货币类型	需求货币数量
mystery_item_id	type	item_id	name	count	weighing	money	money_count
int	int	int	string	int	int	int	int
60030	1	72000004	初级开孔器	1	10	1	20
60030	1	73000004	中级开孔器	1	10	1	50
60030	1	74000004	高级开孔器	1	10	1	150
60030	1	75000004	顶级开孔器	1	10	1	400
60030	1	72000003	初级武器孔	1	10	0	15000
60035	1	72000004	初级开孔器	1	10	1	20
60035	1	73000004	中级开孔器	1	10	1	50
60035	1	74000004	高级开孔器	1	10	1	150
60035	1	75000004	顶级开孔器	1	10	1	400
60035	1	72000003	初级武器孔	1	10	0	15000
60035	1	73000003	中级武器孔	1	10	0	150000
60045	1	72000004	初级开孔器	1	10	1	20
60045	1	73000004	中级开孔器	1	10	1	50
60045	1	74000004	高级开孔器	1	10	1	150
60045	1	75000004	顶级开孔器	1	10	1	400
60045	1	72000003	初级武器孔	1	10	0	15000
60045	1	73000003	中级武器孔	1	10	0	150000
60045	1	74000003	高级武器孔	1	10	0	1500000
60060	1	72000004	初级开孔器	1	10	1	20
60060	1	73000004	中级开孔器	1	10	1	50
60060	1	74000004	高级开孔器	1	10	1	150
60060	1	75000004	顶级开孔器	1	10	1	400
60060	1	72000003	初级武器孔	1	10	0	15000
60060	1	73000003	中级武器孔	1	10	0	150000
60060	1	74000003	高级武器孔	1	10	0	1500000
60060	1	75000003	顶级武器孔	1	10	0	9000000
50001	1	81001001	雷碎片1	1	10	1	1
50001	1	81002001	雷碎片2	1	10	1	1
50001	1	81003001	雷碎片3	1	10	1	1
50001	1	81004001	雷碎片4	1	10	1	1
50001	1	82001001	火碎片1	1	10	1	1
50001	1	82002001	火碎片2	1	10	1	1
50001	1	82003001	火碎片3	1	10	1	1
50001	1	83001001	冰碎片1	1	10	1	1
50001	1	83002001	冰碎片2	1	10	1	1
50001	1	83003001	冰碎片3	1	10	1	1
50001	1	83004001	冰碎片4	1	10	1	1
50001	1	83005001	冰碎片5	1	10	1	1
50001	1	84001001	光碎片1	1	10	1	1
50001	1	84002001	光碎片2	1	10	1	1
50001	1	84003001	光碎片3	1	10	1	1
50001	1	84004001	光碎片4	1	10	1	1
50001	1	84005001	光碎片5	1	10	1	1
50001	1	84006001	光碎片6	1	10	1	1
50001	1	85001001	暗碎片1	1	10	1	1
50001	1	85002001	暗碎片2	1	10	1	1
50001	1	85003001	暗碎片3	1	10	1	1
50001	1	85004001	暗碎片4	1	10	1	1
50001	1	81001001	雷碎片1	2	10	1	2
50001	1	81002001	雷碎片2	2	10	1	2
50001	1	81003001	雷碎片3	2	10	1	2
50001	1	81004001	雷碎片4	2	10	1	2
50001	1	82001001	火碎片1	2	10	1	2
50001	1	82002001	火碎片2	2	10	1	2
50001	1	82003001	火碎片3	2	10	1	2
50001	1	83001001	冰碎片1	2	10	1	2
50001	1	83002001	冰碎片2	2	10	1	2
50001	1	83003001	冰碎片3	2	10	1	2
50001	1	83004001	冰碎片4	2	10	1	2
50001	1	83005001	冰碎片5	2	10	1	2
50001	1	84001001	光碎片1	2	10	1	2
50001	1	84002001	光碎片2	2	10	1	2
50001	1	84003001	光碎片3	2	10	1	2
50001	1	84004001	光碎片4	2	10	1	2
50001	1	84005001	光碎片5	2	10	1	2
50001	1	84006001	光碎片6	2	10	1	2
50001	1	85001001	暗碎片1	2	10	1	2
50001	1	85002001	暗碎片2	2	10	1	2
50001	1	85003001	暗碎片3	2	10	1	2
50001	1	85004001	暗碎片4	2	10	1	2
50001	1	81001001	雷碎片1	3	10	1	3
50001	1	81002001	雷碎片2	3	10	1	3
50001	1	81003001	雷碎片3	3	10	1	3
50001	1	81004001	雷碎片4	3	10	1	3
50001	1	82001001	火碎片1	3	10	1	3
50001	1	82002001	火碎片2	3	10	1	3
50001	1	82003001	火碎片3	3	10	1	3
50001	1	83001001	冰碎片1	3	10	1	3
50001	1	83002001	冰碎片2	3	10	1	3
50001	1	83003001	冰碎片3	3	10	1	3
50001	1	83004001	冰碎片4	3	10	1	3
50001	1	83005001	冰碎片5	3	10	1	3
50001	1	84001001	光碎片1	3	10	1	3
50001	1	84002001	光碎片2	3	10	1	3
50001	1	84003001	光碎片3	3	10	1	3
50001	1	84004001	光碎片4	3	10	1	3
50001	1	84005001	光碎片5	3	10	1	3
50001	1	84006001	光碎片6	3	10	1	3
50001	1	85001001	暗碎片1	3	10	1	3
50001	1	85002001	暗碎片2	3	10	1	3
50001	1	85003001	暗碎片3	3	10	1	3
50001	1	85004001	暗碎片4	3	10	1	3
50001	1	81001001	雷碎片1	4	10	1	4
50001	1	81002001	雷碎片2	4	10	1	4
50001	1	81003001	雷碎片3	4	10	1	4
50001	1	81004001	雷碎片4	4	10	1	4
50001	1	82001001	火碎片1	4	10	1	4
50001	1	82002001	火碎片2	4	10	1	4
50001	1	82003001	火碎片3	4	10	1	4
50001	1	83001001	冰碎片1	4	10	1	4
50001	1	83002001	冰碎片2	4	10	1	4
50001	1	83003001	冰碎片3	4	10	1	4
50001	1	83004001	冰碎片4	4	10	1	4
50001	1	83005001	冰碎片5	4	10	1	4
50001	1	84001001	光碎片1	4	10	1	4
50001	1	84002001	光碎片2	4	10	1	4
50001	1	84003001	光碎片3	4	10	1	4
50001	1	84004001	光碎片4	4	10	1	4
50001	1	84005001	光碎片5	4	10	1	4
50001	1	84006001	光碎片6	4	10	1	4
50001	1	85001001	暗碎片1	4	10	1	4
50001	1	85002001	暗碎片2	4	10	1	4
50001	1	85003001	暗碎片3	4	10	1	4
50001	1	85004001	暗碎片4	4	10	1	4
50001	1	81001001	雷碎片1	5	10	1	5
50001	1	81002001	雷碎片2	5	10	1	5
50001	1	81003001	雷碎片3	5	10	1	5
50001	1	81004001	雷碎片4	5	10	1	5
50001	1	82001001	火碎片1	5	10	1	5
50001	1	82002001	火碎片2	5	10	1	5
50001	1	82003001	火碎片3	5	10	1	5
50001	1	83001001	冰碎片1	5	10	1	5
50001	1	83002001	冰碎片2	5	10	1	5
50001	1	83003001	冰碎片3	5	10	1	5
50001	1	83004001	冰碎片4	5	10	1	5
50001	1	83005001	冰碎片5	5	10	1	5
50001	1	84001001	光碎片1	5	10	1	5
50001	1	84002001	光碎片2	5	10	1	5
50001	1	84003001	光碎片3	5	10	1	5
50001	1	84004001	光碎片4	5	10	1	5
50001	1	84005001	光碎片5	5	10	1	5
50001	1	84006001	光碎片6	5	10	1	5
50001	1	85001001	暗碎片1	5	10	1	5
50001	1	85002001	暗碎片2	5	10	1	5
50001	1	85003001	暗碎片3	5	10	1	5
50001	1	85004001	暗碎片4	5	10	1	5
50030	1	81001001	雷碎片1	1	10	1	1
50030	1	81002001	雷碎片2	1	10	1	1
50030	1	81003001	雷碎片3	1	10	1	1
50030	1	81004001	雷碎片4	1	10	1	1
50030	1	82001001	火碎片1	1	10	1	1
50030	1	82002001	火碎片2	1	10	1	1
50030	1	82003001	火碎片3	1	10	1	1
50030	1	83001001	冰碎片1	1	10	1	1
50030	1	83002001	冰碎片2	1	10	1	1
50030	1	83003001	冰碎片3	1	10	1	1
50030	1	83004001	冰碎片4	1	10	1	1
50030	1	83005001	冰碎片5	1	10	1	1
50030	1	84001001	光碎片1	1	10	1	1
50030	1	84002001	光碎片2	1	10	1	1
50030	1	84003001	光碎片3	1	10	1	1
50030	1	84004001	光碎片4	1	10	1	1
50030	1	84005001	光碎片5	1	10	1	1
50030	1	84006001	光碎片6	1	10	1	1
50030	1	85001001	暗碎片1	1	10	1	1
50030	1	85002001	暗碎片2	1	10	1	1
50030	1	85003001	暗碎片3	1	10	1	1
50030	1	85004001	暗碎片4	1	10	1	1
50030	1	81001001	雷碎片1	2	10	1	2
50030	1	81002001	雷碎片2	2	10	1	2
50030	1	81003001	雷碎片3	2	10	1	2
50030	1	81004001	雷碎片4	2	10	1	2
50030	1	82001001	火碎片1	2	10	1	2
50030	1	82002001	火碎片2	2	10	1	2
50030	1	82003001	火碎片3	2	10	1	2
50030	1	83001001	冰碎片1	2	10	1	2
50030	1	83002001	冰碎片2	2	10	1	2
50030	1	83003001	冰碎片3	2	10	1	2
50030	1	83004001	冰碎片4	2	10	1	2
50030	1	83005001	冰碎片5	2	10	1	2
50030	1	84001001	光碎片1	2	10	1	2
50030	1	84002001	光碎片2	2	10	1	2
50030	1	84003001	光碎片3	2	10	1	2
50030	1	84004001	光碎片4	2	10	1	2
50030	1	84005001	光碎片5	2	10	1	2
50030	1	84006001	光碎片6	2	10	1	2
50030	1	85001001	暗碎片1	2	10	1	2
50030	1	85002001	暗碎片2	2	10	1	2
50030	1	85003001	暗碎片3	2	10	1	2
50030	1	85004001	暗碎片4	2	10	1	2
50030	1	81001001	雷碎片1	3	10	1	3
50030	1	81002001	雷碎片2	3	10	1	3
50030	1	81003001	雷碎片3	3	10	1	3
50030	1	81004001	雷碎片4	3	10	1	3
50030	1	82001001	火碎片1	3	10	1	3
50030	1	82002001	火碎片2	3	10	1	3
50030	1	82003001	火碎片3	3	10	1	3
50030	1	83001001	冰碎片1	3	10	1	3
50030	1	83002001	冰碎片2	3	10	1	3
50030	1	83003001	冰碎片3	3	10	1	3
50030	1	83004001	冰碎片4	3	10	1	3
50030	1	83005001	冰碎片5	3	10	1	3
50030	1	84001001	光碎片1	3	10	1	3
50030	1	84002001	光碎片2	3	10	1	3
50030	1	84003001	光碎片3	3	10	1	3
50030	1	84004001	光碎片4	3	10	1	3
50030	1	84005001	光碎片5	3	10	1	3
50030	1	84006001	光碎片6	3	10	1	3
50030	1	85001001	暗碎片1	3	10	1	3
50030	1	85002001	暗碎片2	3	10	1	3
50030	1	85003001	暗碎片3	3	10	1	3
50030	1	85004001	暗碎片4	3	10	1	3
50030	1	81001001	雷碎片1	4	10	1	4
50030	1	81002001	雷碎片2	4	10	1	4
50030	1	81003001	雷碎片3	4	10	1	4
50030	1	81004001	雷碎片4	4	10	1	4
50030	1	82001001	火碎片1	4	10	1	4
50030	1	82002001	火碎片2	4	10	1	4
50030	1	82003001	火碎片3	4	10	1	4
50030	1	83001001	冰碎片1	4	10	1	4
50030	1	83002001	冰碎片2	4	10	1	4
50030	1	83003001	冰碎片3	4	10	1	4
50030	1	83004001	冰碎片4	4	10	1	4
50030	1	83005001	冰碎片5	4	10	1	4
50030	1	84001001	光碎片1	4	10	1	4
50030	1	84002001	光碎片2	4	10	1	4
50030	1	84003001	光碎片3	4	10	1	4
50030	1	84004001	光碎片4	4	10	1	4
50030	1	84005001	光碎片5	4	10	1	4
50030	1	84006001	光碎片6	4	10	1	4
50030	1	85001001	暗碎片1	4	10	1	4
50030	1	85002001	暗碎片2	4	10	1	4
50030	1	85003001	暗碎片3	4	10	1	4
50030	1	85004001	暗碎片4	4	10	1	4
50030	1	81001001	雷碎片1	5	10	1	5
50030	1	81002001	雷碎片2	5	10	1	5
50030	1	81003001	雷碎片3	5	10	1	5
50030	1	81004001	雷碎片4	5	10	1	5
50030	1	82001001	火碎片1	5	10	1	5
50030	1	82002001	火碎片2	5	10	1	5
50030	1	82003001	火碎片3	5	10	1	5
50030	1	83001001	冰碎片1	5	10	1	5
50030	1	83002001	冰碎片2	5	10	1	5
50030	1	83003001	冰碎片3	5	10	1	5
50030	1	83004001	冰碎片4	5	10	1	5
50030	1	83005001	冰碎片5	5	10	1	5
50030	1	84001001	光碎片1	5	10	1	5
50030	1	84002001	光碎片2	5	10	1	5
50030	1	84003001	光碎片3	5	10	1	5
50030	1	84004001	光碎片4	5	10	1	5
50030	1	84005001	光碎片5	5	10	1	5
50030	1	84006001	光碎片6	5	10	1	5
50030	1	85001001	暗碎片1	5	10	1	5
50030	1	85002001	暗碎片2	5	10	1	5
50030	1	85003001	暗碎片3	5	10	1	5
50030	1	85004001	暗碎片4	5	10	1	5
50030	1	81001002	雷碎片1	1	10	1	3
50030	1	81002002	雷碎片2	1	10	1	3
50030	1	81003002	雷碎片3	1	10	1	3
50030	1	81004002	雷碎片4	1	10	1	3
50030	1	82001002	火碎片1	1	10	1	3
50030	1	82002002	火碎片2	1	10	1	3
50030	1	82003002	火碎片3	1	10	1	3
50030	1	83001002	冰碎片1	1	10	1	3
50030	1	83002002	冰碎片2	1	10	1	3
50030	1	83003002	冰碎片3	1	10	1	3
50030	1	83004002	冰碎片4	1	10	1	3
50030	1	83005002	冰碎片5	1	10	1	3
50030	1	84001002	光碎片1	1	10	1	3
50030	1	84002002	光碎片2	1	10	1	3
50030	1	84003002	光碎片3	1	10	1	3
50030	1	84004002	光碎片4	1	10	1	3
50030	1	84005002	光碎片5	1	10	1	3
50030	1	84006002	光碎片6	1	10	1	3
50030	1	85001002	暗碎片1	1	10	1	3
50030	1	85002002	暗碎片2	1	10	1	3
50030	1	85003002	暗碎片3	1	10	1	3
50030	1	85004002	暗碎片4	1	10	1	3
50030	1	81001002	雷碎片1	2	10	1	6
50030	1	81002002	雷碎片2	2	10	1	6
50030	1	81003002	雷碎片3	2	10	1	6
50030	1	81004002	雷碎片4	2	10	1	6
50030	1	82001002	火碎片1	2	10	1	6
50030	1	82002002	火碎片2	2	10	1	6
50030	1	82003002	火碎片3	2	10	1	6
50030	1	83001002	冰碎片1	2	10	1	6
50030	1	83002002	冰碎片2	2	10	1	6
50030	1	83003002	冰碎片3	2	10	1	6
50030	1	83004002	冰碎片4	2	10	1	6
50030	1	83005002	冰碎片5	2	10	1	6
50030	1	84001002	光碎片1	2	10	1	6
50030	1	84002002	光碎片2	2	10	1	6
50030	1	84003002	光碎片3	2	10	1	6
50030	1	84004002	光碎片4	2	10	1	6
50030	1	84005002	光碎片5	2	10	1	6
50030	1	84006002	光碎片6	2	10	1	6
50030	1	85001002	暗碎片1	2	10	1	6
50030	1	85002002	暗碎片2	2	10	1	6
50030	1	85003002	暗碎片3	2	10	1	6
50030	1	85004002	暗碎片4	2	10	1	6
50030	1	81001002	雷碎片1	3	10	1	9
50030	1	81002002	雷碎片2	3	10	1	9
50030	1	81003002	雷碎片3	3	10	1	9
50030	1	81004002	雷碎片4	3	10	1	9
50030	1	82001002	火碎片1	3	10	1	9
50030	1	82002002	火碎片2	3	10	1	9
50030	1	82003002	火碎片3	3	10	1	9
50030	1	83001002	冰碎片1	3	10	1	9
50030	1	83002002	冰碎片2	3	10	1	9
50030	1	83003002	冰碎片3	3	10	1	9
50030	1	83004002	冰碎片4	3	10	1	9
50030	1	83005002	冰碎片5	3	10	1	9
50030	1	84001002	光碎片1	3	10	1	9
50030	1	84002002	光碎片2	3	10	1	9
50030	1	84003002	光碎片3	3	10	1	9
50030	1	84004002	光碎片4	3	10	1	9
50030	1	84005002	光碎片5	3	10	1	9
50030	1	84006002	光碎片6	3	10	1	9
50030	1	85001002	暗碎片1	3	10	1	9
50030	1	85002002	暗碎片2	3	10	1	9
50030	1	85003002	暗碎片3	3	10	1	9
50030	1	85004002	暗碎片4	3	10	1	9
50030	1	81001002	雷碎片1	4	10	1	12
50030	1	81002002	雷碎片2	4	10	1	12
50030	1	81003002	雷碎片3	4	10	1	12
50030	1	81004002	雷碎片4	4	10	1	12
50030	1	82001002	火碎片1	4	10	1	12
50030	1	82002002	火碎片2	4	10	1	12
50030	1	82003002	火碎片3	4	10	1	12
50030	1	83001002	冰碎片1	4	10	1	12
50030	1	83002002	冰碎片2	4	10	1	12
50030	1	83003002	冰碎片3	4	10	1	12
50030	1	83004002	冰碎片4	4	10	1	12
50030	1	83005002	冰碎片5	4	10	1	12
50030	1	84001002	光碎片1	4	10	1	12
50030	1	84002002	光碎片2	4	10	1	12
50030	1	84003002	光碎片3	4	10	1	12
50030	1	84004002	光碎片4	4	10	1	12
50030	1	84005002	光碎片5	4	10	1	12
50030	1	84006002	光碎片6	4	10	1	12
50030	1	85001002	暗碎片1	4	10	1	12
50030	1	85002002	暗碎片2	4	10	1	12
50030	1	85003002	暗碎片3	4	10	1	12
50030	1	85004002	暗碎片4	4	10	1	12
50030	1	81001002	雷碎片1	5	10	1	15
50030	1	81002002	雷碎片2	5	10	1	15
50030	1	81003002	雷碎片3	5	10	1	15
50030	1	81004002	雷碎片4	5	10	1	15
50030	1	82001002	火碎片1	5	10	1	15
50030	1	82002002	火碎片2	5	10	1	15
50030	1	82003002	火碎片3	5	10	1	15
50030	1	83001002	冰碎片1	5	10	1	15
50030	1	83002002	冰碎片2	5	10	1	15
50030	1	83003002	冰碎片3	5	10	1	15
50030	1	83004002	冰碎片4	5	10	1	15
50030	1	83005002	冰碎片5	5	10	1	15
50030	1	84001002	光碎片1	5	10	1	15
50030	1	84002002	光碎片2	5	10	1	15
50030	1	84003002	光碎片3	5	10	1	15
50030	1	84004002	光碎片4	5	10	1	15
50030	1	84005002	光碎片5	5	10	1	15
50030	1	84006002	光碎片6	5	10	1	15
50030	1	85001002	暗碎片1	5	10	1	15
50030	1	85002002	暗碎片2	5	10	1	15
50030	1	85003002	暗碎片3	5	10	1	15
50030	1	85004002	暗碎片4	5	10	1	15
50040	1	81001001	雷碎片1	1	10	1	1
50040	1	81002001	雷碎片2	1	10	1	1
50040	1	81003001	雷碎片3	1	10	1	1
50040	1	81004001	雷碎片4	1	10	1	1
50040	1	82001001	火碎片1	1	10	1	1
50040	1	82002001	火碎片2	1	10	1	1
50040	1	82003001	火碎片3	1	10	1	1
50040	1	83001001	冰碎片1	1	10	1	1
50040	1	83002001	冰碎片2	1	10	1	1
50040	1	83003001	冰碎片3	1	10	1	1
50040	1	83004001	冰碎片4	1	10	1	1
50040	1	83005001	冰碎片5	1	10	1	1
50040	1	84001001	光碎片1	1	10	1	1
50040	1	84002001	光碎片2	1	10	1	1
50040	1	84003001	光碎片3	1	10	1	1
50040	1	84004001	光碎片4	1	10	1	1
50040	1	84005001	光碎片5	1	10	1	1
50040	1	84006001	光碎片6	1	10	1	1
50040	1	85001001	暗碎片1	1	10	1	1
50040	1	85002001	暗碎片2	1	10	1	1
50040	1	85003001	暗碎片3	1	10	1	1
50040	1	85004001	暗碎片4	1	10	1	1
50040	1	81001001	雷碎片1	2	10	1	2
50040	1	81002001	雷碎片2	2	10	1	2
50040	1	81003001	雷碎片3	2	10	1	2
50040	1	81004001	雷碎片4	2	10	1	2
50040	1	82001001	火碎片1	2	10	1	2
50040	1	82002001	火碎片2	2	10	1	2
50040	1	82003001	火碎片3	2	10	1	2
50040	1	83001001	冰碎片1	2	10	1	2
50040	1	83002001	冰碎片2	2	10	1	2
50040	1	83003001	冰碎片3	2	10	1	2
50040	1	83004001	冰碎片4	2	10	1	2
50040	1	83005001	冰碎片5	2	10	1	2
50040	1	84001001	光碎片1	2	10	1	2
50040	1	84002001	光碎片2	2	10	1	2
50040	1	84003001	光碎片3	2	10	1	2
50040	1	84004001	光碎片4	2	10	1	2
50040	1	84005001	光碎片5	2	10	1	2
50040	1	84006001	光碎片6	2	10	1	2
50040	1	85001001	暗碎片1	2	10	1	2
50040	1	85002001	暗碎片2	2	10	1	2
50040	1	85003001	暗碎片3	2	10	1	2
50040	1	85004001	暗碎片4	2	10	1	2
50040	1	81001001	雷碎片1	3	10	1	3
50040	1	81002001	雷碎片2	3	10	1	3
50040	1	81003001	雷碎片3	3	10	1	3
50040	1	81004001	雷碎片4	3	10	1	3
50040	1	82001001	火碎片1	3	10	1	3
50040	1	82002001	火碎片2	3	10	1	3
50040	1	82003001	火碎片3	3	10	1	3
50040	1	83001001	冰碎片1	3	10	1	3
50040	1	83002001	冰碎片2	3	10	1	3
50040	1	83003001	冰碎片3	3	10	1	3
50040	1	83004001	冰碎片4	3	10	1	3
50040	1	83005001	冰碎片5	3	10	1	3
50040	1	84001001	光碎片1	3	10	1	3
50040	1	84002001	光碎片2	3	10	1	3
50040	1	84003001	光碎片3	3	10	1	3
50040	1	84004001	光碎片4	3	10	1	3
50040	1	84005001	光碎片5	3	10	1	3
50040	1	84006001	光碎片6	3	10	1	3
50040	1	85001001	暗碎片1	3	10	1	3
50040	1	85002001	暗碎片2	3	10	1	3
50040	1	85003001	暗碎片3	3	10	1	3
50040	1	85004001	暗碎片4	3	10	1	3
50040	1	81001001	雷碎片1	4	10	1	4
50040	1	81002001	雷碎片2	4	10	1	4
50040	1	81003001	雷碎片3	4	10	1	4
50040	1	81004001	雷碎片4	4	10	1	4
50040	1	82001001	火碎片1	4	10	1	4
50040	1	82002001	火碎片2	4	10	1	4
50040	1	82003001	火碎片3	4	10	1	4
50040	1	83001001	冰碎片1	4	10	1	4
50040	1	83002001	冰碎片2	4	10	1	4
50040	1	83003001	冰碎片3	4	10	1	4
50040	1	83004001	冰碎片4	4	10	1	4
50040	1	83005001	冰碎片5	4	10	1	4
50040	1	84001001	光碎片1	4	10	1	4
50040	1	84002001	光碎片2	4	10	1	4
50040	1	84003001	光碎片3	4	10	1	4
50040	1	84004001	光碎片4	4	10	1	4
50040	1	84005001	光碎片5	4	10	1	4
50040	1	84006001	光碎片6	4	10	1	4
50040	1	85001001	暗碎片1	4	10	1	4
50040	1	85002001	暗碎片2	4	10	1	4
50040	1	85003001	暗碎片3	4	10	1	4
50040	1	85004001	暗碎片4	4	10	1	4
50040	1	81001001	雷碎片1	5	10	1	5
50040	1	81002001	雷碎片2	5	10	1	5
50040	1	81003001	雷碎片3	5	10	1	5
50040	1	81004001	雷碎片4	5	10	1	5
50040	1	82001001	火碎片1	5	10	1	5
50040	1	82002001	火碎片2	5	10	1	5
50040	1	82003001	火碎片3	5	10	1	5
50040	1	83001001	冰碎片1	5	10	1	5
50040	1	83002001	冰碎片2	5	10	1	5
50040	1	83003001	冰碎片3	5	10	1	5
50040	1	83004001	冰碎片4	5	10	1	5
50040	1	83005001	冰碎片5	5	10	1	5
50040	1	84001001	光碎片1	5	10	1	5
50040	1	84002001	光碎片2	5	10	1	5
50040	1	84003001	光碎片3	5	10	1	5
50040	1	84004001	光碎片4	5	10	1	5
50040	1	84005001	光碎片5	5	10	1	5
50040	1	84006001	光碎片6	5	10	1	5
50040	1	85001001	暗碎片1	5	10	1	5
50040	1	85002001	暗碎片2	5	10	1	5
50040	1	85003001	暗碎片3	5	10	1	5
50040	1	85004001	暗碎片4	5	10	1	5
50040	1	81001002	雷碎片1	1	10	1	3
50040	1	81002002	雷碎片2	1	10	1	3
50040	1	81003002	雷碎片3	1	10	1	3
50040	1	81004002	雷碎片4	1	10	1	3
50040	1	82001002	火碎片1	1	10	1	3
50040	1	82002002	火碎片2	1	10	1	3
50040	1	82003002	火碎片3	1	10	1	3
50040	1	83001002	冰碎片1	1	10	1	3
50040	1	83002002	冰碎片2	1	10	1	3
50040	1	83003002	冰碎片3	1	10	1	3
50040	1	83004002	冰碎片4	1	10	1	3
50040	1	83005002	冰碎片5	1	10	1	3
50040	1	84001002	光碎片1	1	10	1	3
50040	1	84002002	光碎片2	1	10	1	3
50040	1	84003002	光碎片3	1	10	1	3
50040	1	84004002	光碎片4	1	10	1	3
50040	1	84005002	光碎片5	1	10	1	3
50040	1	84006002	光碎片6	1	10	1	3
50040	1	85001002	暗碎片1	1	10	1	3
50040	1	85002002	暗碎片2	1	10	1	3
50040	1	85003002	暗碎片3	1	10	1	3
50040	1	85004002	暗碎片4	1	10	1	3
50040	1	81001002	雷碎片1	2	10	1	6
50040	1	81002002	雷碎片2	2	10	1	6
50040	1	81003002	雷碎片3	2	10	1	6
50040	1	81004002	雷碎片4	2	10	1	6
50040	1	82001002	火碎片1	2	10	1	6
50040	1	82002002	火碎片2	2	10	1	6
50040	1	82003002	火碎片3	2	10	1	6
50040	1	83001002	冰碎片1	2	10	1	6
50040	1	83002002	冰碎片2	2	10	1	6
50040	1	83003002	冰碎片3	2	10	1	6
50040	1	83004002	冰碎片4	2	10	1	6
50040	1	83005002	冰碎片5	2	10	1	6
50040	1	84001002	光碎片1	2	10	1	6
50040	1	84002002	光碎片2	2	10	1	6
50040	1	84003002	光碎片3	2	10	1	6
50040	1	84004002	光碎片4	2	10	1	6
50040	1	84005002	光碎片5	2	10	1	6
50040	1	84006002	光碎片6	2	10	1	6
50040	1	85001002	暗碎片1	2	10	1	6
50040	1	85002002	暗碎片2	2	10	1	6
50040	1	85003002	暗碎片3	2	10	1	6
50040	1	85004002	暗碎片4	2	10	1	6
50040	1	81001002	雷碎片1	3	10	1	9
50040	1	81002002	雷碎片2	3	10	1	9
50040	1	81003002	雷碎片3	3	10	1	9
50040	1	81004002	雷碎片4	3	10	1	9
50040	1	82001002	火碎片1	3	10	1	9
50040	1	82002002	火碎片2	3	10	1	9
50040	1	82003002	火碎片3	3	10	1	9
50040	1	83001002	冰碎片1	3	10	1	9
50040	1	83002002	冰碎片2	3	10	1	9
50040	1	83003002	冰碎片3	3	10	1	9
50040	1	83004002	冰碎片4	3	10	1	9
50040	1	83005002	冰碎片5	3	10	1	9
50040	1	84001002	光碎片1	3	10	1	9
50040	1	84002002	光碎片2	3	10	1	9
50040	1	84003002	光碎片3	3	10	1	9
50040	1	84004002	光碎片4	3	10	1	9
50040	1	84005002	光碎片5	3	10	1	9
50040	1	84006002	光碎片6	3	10	1	9
50040	1	85001002	暗碎片1	3	10	1	9
50040	1	85002002	暗碎片2	3	10	1	9
50040	1	85003002	暗碎片3	3	10	1	9
50040	1	85004002	暗碎片4	3	10	1	9
50040	1	81001002	雷碎片1	4	10	1	12
50040	1	81002002	雷碎片2	4	10	1	12
50040	1	81003002	雷碎片3	4	10	1	12
50040	1	81004002	雷碎片4	4	10	1	12
50040	1	82001002	火碎片1	4	10	1	12
50040	1	82002002	火碎片2	4	10	1	12
50040	1	82003002	火碎片3	4	10	1	12
50040	1	83001002	冰碎片1	4	10	1	12
50040	1	83002002	冰碎片2	4	10	1	12
50040	1	83003002	冰碎片3	4	10	1	12
50040	1	83004002	冰碎片4	4	10	1	12
50040	1	83005002	冰碎片5	4	10	1	12
50040	1	84001002	光碎片1	4	10	1	12
50040	1	84002002	光碎片2	4	10	1	12
50040	1	84003002	光碎片3	4	10	1	12
50040	1	84004002	光碎片4	4	10	1	12
50040	1	84005002	光碎片5	4	10	1	12
50040	1	84006002	光碎片6	4	10	1	12
50040	1	85001002	暗碎片1	4	10	1	12
50040	1	85002002	暗碎片2	4	10	1	12
50040	1	85003002	暗碎片3	4	10	1	12
50040	1	85004002	暗碎片4	4	10	1	12
50040	1	81001002	雷碎片1	5	10	1	15
50040	1	81002002	雷碎片2	5	10	1	15
50040	1	81003002	雷碎片3	5	10	1	15
50040	1	81004002	雷碎片4	5	10	1	15
50040	1	82001002	火碎片1	5	10	1	15
50040	1	82002002	火碎片2	5	10	1	15
50040	1	82003002	火碎片3	5	10	1	15
50040	1	83001002	冰碎片1	5	10	1	15
50040	1	83002002	冰碎片2	5	10	1	15
50040	1	83003002	冰碎片3	5	10	1	15
50040	1	83004002	冰碎片4	5	10	1	15
50040	1	83005002	冰碎片5	5	10	1	15
50040	1	84001002	光碎片1	5	10	1	15
50040	1	84002002	光碎片2	5	10	1	15
50040	1	84003002	光碎片3	5	10	1	15
50040	1	84004002	光碎片4	5	10	1	15
50040	1	84005002	光碎片5	5	10	1	15
50040	1	84006002	光碎片6	5	10	1	15
50040	1	85001002	暗碎片1	5	10	1	15
50040	1	85002002	暗碎片2	5	10	1	15
50040	1	85003002	暗碎片3	5	10	1	15
50040	1	85004002	暗碎片4	5	10	1	15
50040	1	81001003	雷碎片1	1	10	1	10
50040	1	81002003	雷碎片2	1	10	1	10
50040	1	81003003	雷碎片3	1	10	1	10
50040	1	81004003	雷碎片4	1	10	1	10
50040	1	82001003	火碎片1	1	10	1	10
50040	1	82002003	火碎片2	1	10	1	10
50040	1	82003003	火碎片3	1	10	1	10
50040	1	83001003	冰碎片1	1	10	1	10
50040	1	83002003	冰碎片2	1	10	1	10
50040	1	83003003	冰碎片3	1	10	1	10
50040	1	83004003	冰碎片4	1	10	1	10
50040	1	83005003	冰碎片5	1	10	1	10
50040	1	84001003	光碎片1	1	10	1	10
50040	1	84002003	光碎片2	1	10	1	10
50040	1	84003003	光碎片3	1	10	1	10
50040	1	84004003	光碎片4	1	10	1	10
50040	1	84005003	光碎片5	1	10	1	10
50040	1	84006003	光碎片6	1	10	1	10
50040	1	85001003	暗碎片1	1	10	1	10
50040	1	85002003	暗碎片2	1	10	1	10
50040	1	85003003	暗碎片3	1	10	1	10
50040	1	85004003	暗碎片4	1	10	1	10
50040	1	81001003	雷碎片1	2	10	1	20
50040	1	81002003	雷碎片2	2	10	1	20
50040	1	81003003	雷碎片3	2	10	1	20
50040	1	81004003	雷碎片4	2	10	1	20
50040	1	82001003	火碎片1	2	10	1	20
50040	1	82002003	火碎片2	2	10	1	20
50040	1	82003003	火碎片3	2	10	1	20
50040	1	83001003	冰碎片1	2	10	1	20
50040	1	83002003	冰碎片2	2	10	1	20
50040	1	83003003	冰碎片3	2	10	1	20
50040	1	83004003	冰碎片4	2	10	1	20
50040	1	83005003	冰碎片5	2	10	1	20
50040	1	84001003	光碎片1	2	10	1	20
50040	1	84002003	光碎片2	2	10	1	20
50040	1	84003003	光碎片3	2	10	1	20
50040	1	84004003	光碎片4	2	10	1	20
50040	1	84005003	光碎片5	2	10	1	20
50040	1	84006003	光碎片6	2	10	1	20
50040	1	85001003	暗碎片1	2	10	1	20
50040	1	85002003	暗碎片2	2	10	1	20
50040	1	85003003	暗碎片3	2	10	1	20
50040	1	85004003	暗碎片4	2	10	1	20
50040	1	81001003	雷碎片1	3	10	1	30
50040	1	81002003	雷碎片2	3	10	1	30
50040	1	81003003	雷碎片3	3	10	1	30
50040	1	81004003	雷碎片4	3	10	1	30
50040	1	82001003	火碎片1	3	10	1	30
50040	1	82002003	火碎片2	3	10	1	30
50040	1	82003003	火碎片3	3	10	1	30
50040	1	83001003	冰碎片1	3	10	1	30
50040	1	83002003	冰碎片2	3	10	1	30
50040	1	83003003	冰碎片3	3	10	1	30
50040	1	83004003	冰碎片4	3	10	1	30
50040	1	83005003	冰碎片5	3	10	1	30
50040	1	84001003	光碎片1	3	10	1	30
50040	1	84002003	光碎片2	3	10	1	30
50040	1	84003003	光碎片3	3	10	1	30
50040	1	84004003	光碎片4	3	10	1	30
50040	1	84005003	光碎片5	3	10	1	30
50040	1	84006003	光碎片6	3	10	1	30
50040	1	85001003	暗碎片1	3	10	1	30
50040	1	85002003	暗碎片2	3	10	1	30
50040	1	85003003	暗碎片3	3	10	1	30
50040	1	85004003	暗碎片4	3	10	1	30
50040	1	81001003	雷碎片1	4	10	1	40
50040	1	81002003	雷碎片2	4	10	1	40
50040	1	81003003	雷碎片3	4	10	1	40
50040	1	81004003	雷碎片4	4	10	1	40
50040	1	82001003	火碎片1	4	10	1	40
50040	1	82002003	火碎片2	4	10	1	40
50040	1	82003003	火碎片3	4	10	1	40
50040	1	83001003	冰碎片1	4	10	1	40
50040	1	83002003	冰碎片2	4	10	1	40
50040	1	83003003	冰碎片3	4	10	1	40
50040	1	83004003	冰碎片4	4	10	1	40
50040	1	83005003	冰碎片5	4	10	1	40
50040	1	84001003	光碎片1	4	10	1	40
50040	1	84002003	光碎片2	4	10	1	40
50040	1	84003003	光碎片3	4	10	1	40
50040	1	84004003	光碎片4	4	10	1	40
50040	1	84005003	光碎片5	4	10	1	40
50040	1	84006003	光碎片6	4	10	1	40
50040	1	85001003	暗碎片1	4	10	1	40
50040	1	85002003	暗碎片2	4	10	1	40
50040	1	85003003	暗碎片3	4	10	1	40
50040	1	85004003	暗碎片4	4	10	1	40
50040	1	81001003	雷碎片1	5	10	1	50
50040	1	81002003	雷碎片2	5	10	1	50
50040	1	81003003	雷碎片3	5	10	1	50
50040	1	81004003	雷碎片4	5	10	1	50
50040	1	82001003	火碎片1	5	10	1	50
50040	1	82002003	火碎片2	5	10	1	50
50040	1	82003003	火碎片3	5	10	1	50
50040	1	83001003	冰碎片1	5	10	1	50
50040	1	83002003	冰碎片2	5	10	1	50
50040	1	83003003	冰碎片3	5	10	1	50
50040	1	83004003	冰碎片4	5	10	1	50
50040	1	83005003	冰碎片5	5	10	1	50
50040	1	84001003	光碎片1	5	10	1	50
50040	1	84002003	光碎片2	5	10	1	50
50040	1	84003003	光碎片3	5	10	1	50
50040	1	84004003	光碎片4	5	10	1	50
50040	1	84005003	光碎片5	5	10	1	50
50040	1	84006003	光碎片6	5	10	1	50
50040	1	85001003	暗碎片1	5	10	1	50
50040	1	85002003	暗碎片2	5	10	1	50
50040	1	85003003	暗碎片3	5	10	1	50
50040	1	85004003	暗碎片4	5	10	1	50
50050	1	81001001	雷碎片1	1	10	1	1
50050	1	81002001	雷碎片2	1	10	1	1
50050	1	81003001	雷碎片3	1	10	1	1
50050	1	81004001	雷碎片4	1	10	1	1
50050	1	82001001	火碎片1	1	10	1	1
50050	1	82002001	火碎片2	1	10	1	1
50050	1	82003001	火碎片3	1	10	1	1
50050	1	83001001	冰碎片1	1	10	1	1
50050	1	83002001	冰碎片2	1	10	1	1
50050	1	83003001	冰碎片3	1	10	1	1
50050	1	83004001	冰碎片4	1	10	1	1
50050	1	83005001	冰碎片5	1	10	1	1
50050	1	84001001	光碎片1	1	10	1	1
50050	1	84002001	光碎片2	1	10	1	1
50050	1	84003001	光碎片3	1	10	1	1
50050	1	84004001	光碎片4	1	10	1	1
50050	1	84005001	光碎片5	1	10	1	1
50050	1	84006001	光碎片6	1	10	1	1
50050	1	85001001	暗碎片1	1	10	1	1
50050	1	85002001	暗碎片2	1	10	1	1
50050	1	85003001	暗碎片3	1	10	1	1
50050	1	85004001	暗碎片4	1	10	1	1
50050	1	81001001	雷碎片1	2	10	1	2
50050	1	81002001	雷碎片2	2	10	1	2
50050	1	81003001	雷碎片3	2	10	1	2
50050	1	81004001	雷碎片4	2	10	1	2
50050	1	82001001	火碎片1	2	10	1	2
50050	1	82002001	火碎片2	2	10	1	2
50050	1	82003001	火碎片3	2	10	1	2
50050	1	83001001	冰碎片1	2	10	1	2
50050	1	83002001	冰碎片2	2	10	1	2
50050	1	83003001	冰碎片3	2	10	1	2
50050	1	83004001	冰碎片4	2	10	1	2
50050	1	83005001	冰碎片5	2	10	1	2
50050	1	84001001	光碎片1	2	10	1	2
50050	1	84002001	光碎片2	2	10	1	2
50050	1	84003001	光碎片3	2	10	1	2
50050	1	84004001	光碎片4	2	10	1	2
50050	1	84005001	光碎片5	2	10	1	2
50050	1	84006001	光碎片6	2	10	1	2
50050	1	85001001	暗碎片1	2	10	1	2
50050	1	85002001	暗碎片2	2	10	1	2
50050	1	85003001	暗碎片3	2	10	1	2
50050	1	85004001	暗碎片4	2	10	1	2
50050	1	81001001	雷碎片1	3	10	1	3
50050	1	81002001	雷碎片2	3	10	1	3
50050	1	81003001	雷碎片3	3	10	1	3
50050	1	81004001	雷碎片4	3	10	1	3
50050	1	82001001	火碎片1	3	10	1	3
50050	1	82002001	火碎片2	3	10	1	3
50050	1	82003001	火碎片3	3	10	1	3
50050	1	83001001	冰碎片1	3	10	1	3
50050	1	83002001	冰碎片2	3	10	1	3
50050	1	83003001	冰碎片3	3	10	1	3
50050	1	83004001	冰碎片4	3	10	1	3
50050	1	83005001	冰碎片5	3	10	1	3
50050	1	84001001	光碎片1	3	10	1	3
50050	1	84002001	光碎片2	3	10	1	3
50050	1	84003001	光碎片3	3	10	1	3
50050	1	84004001	光碎片4	3	10	1	3
50050	1	84005001	光碎片5	3	10	1	3
50050	1	84006001	光碎片6	3	10	1	3
50050	1	85001001	暗碎片1	3	10	1	3
50050	1	85002001	暗碎片2	3	10	1	3
50050	1	85003001	暗碎片3	3	10	1	3
50050	1	85004001	暗碎片4	3	10	1	3
50050	1	81001001	雷碎片1	4	10	1	4
50050	1	81002001	雷碎片2	4	10	1	4
50050	1	81003001	雷碎片3	4	10	1	4
50050	1	81004001	雷碎片4	4	10	1	4
50050	1	82001001	火碎片1	4	10	1	4
50050	1	82002001	火碎片2	4	10	1	4
50050	1	82003001	火碎片3	4	10	1	4
50050	1	83001001	冰碎片1	4	10	1	4
50050	1	83002001	冰碎片2	4	10	1	4
50050	1	83003001	冰碎片3	4	10	1	4
50050	1	83004001	冰碎片4	4	10	1	4
50050	1	83005001	冰碎片5	4	10	1	4
50050	1	84001001	光碎片1	4	10	1	4
50050	1	84002001	光碎片2	4	10	1	4
50050	1	84003001	光碎片3	4	10	1	4
50050	1	84004001	光碎片4	4	10	1	4
50050	1	84005001	光碎片5	4	10	1	4
50050	1	84006001	光碎片6	4	10	1	4
50050	1	85001001	暗碎片1	4	10	1	4
50050	1	85002001	暗碎片2	4	10	1	4
50050	1	85003001	暗碎片3	4	10	1	4
50050	1	85004001	暗碎片4	4	10	1	4
50050	1	81001001	雷碎片1	5	10	1	5
50050	1	81002001	雷碎片2	5	10	1	5
50050	1	81003001	雷碎片3	5	10	1	5
50050	1	81004001	雷碎片4	5	10	1	5
50050	1	82001001	火碎片1	5	10	1	5
50050	1	82002001	火碎片2	5	10	1	5
50050	1	82003001	火碎片3	5	10	1	5
50050	1	83001001	冰碎片1	5	10	1	5
50050	1	83002001	冰碎片2	5	10	1	5
50050	1	83003001	冰碎片3	5	10	1	5
50050	1	83004001	冰碎片4	5	10	1	5
50050	1	83005001	冰碎片5	5	10	1	5
50050	1	84001001	光碎片1	5	10	1	5
50050	1	84002001	光碎片2	5	10	1	5
50050	1	84003001	光碎片3	5	10	1	5
50050	1	84004001	光碎片4	5	10	1	5
50050	1	84005001	光碎片5	5	10	1	5
50050	1	84006001	光碎片6	5	10	1	5
50050	1	85001001	暗碎片1	5	10	1	5
50050	1	85002001	暗碎片2	5	10	1	5
50050	1	85003001	暗碎片3	5	10	1	5
50050	1	85004001	暗碎片4	5	10	1	5
50050	1	81001002	雷碎片1	1	10	1	3
50050	1	81002002	雷碎片2	1	10	1	3
50050	1	81003002	雷碎片3	1	10	1	3
50050	1	81004002	雷碎片4	1	10	1	3
50050	1	82001002	火碎片1	1	10	1	3
50050	1	82002002	火碎片2	1	10	1	3
50050	1	82003002	火碎片3	1	10	1	3
50050	1	83001002	冰碎片1	1	10	1	3
50050	1	83002002	冰碎片2	1	10	1	3
50050	1	83003002	冰碎片3	1	10	1	3
50050	1	83004002	冰碎片4	1	10	1	3
50050	1	83005002	冰碎片5	1	10	1	3
50050	1	84001002	光碎片1	1	10	1	3
50050	1	84002002	光碎片2	1	10	1	3
50050	1	84003002	光碎片3	1	10	1	3
50050	1	84004002	光碎片4	1	10	1	3
50050	1	84005002	光碎片5	1	10	1	3
50050	1	84006002	光碎片6	1	10	1	3
50050	1	85001002	暗碎片1	1	10	1	3
50050	1	85002002	暗碎片2	1	10	1	3
50050	1	85003002	暗碎片3	1	10	1	3
50050	1	85004002	暗碎片4	1	10	1	3
50050	1	81001002	雷碎片1	2	10	1	6
50050	1	81002002	雷碎片2	2	10	1	6
50050	1	81003002	雷碎片3	2	10	1	6
50050	1	81004002	雷碎片4	2	10	1	6
50050	1	82001002	火碎片1	2	10	1	6
50050	1	82002002	火碎片2	2	10	1	6
50050	1	82003002	火碎片3	2	10	1	6
50050	1	83001002	冰碎片1	2	10	1	6
50050	1	83002002	冰碎片2	2	10	1	6
50050	1	83003002	冰碎片3	2	10	1	6
50050	1	83004002	冰碎片4	2	10	1	6
50050	1	83005002	冰碎片5	2	10	1	6
50050	1	84001002	光碎片1	2	10	1	6
50050	1	84002002	光碎片2	2	10	1	6
50050	1	84003002	光碎片3	2	10	1	6
50050	1	84004002	光碎片4	2	10	1	6
50050	1	84005002	光碎片5	2	10	1	6
50050	1	84006002	光碎片6	2	10	1	6
50050	1	85001002	暗碎片1	2	10	1	6
50050	1	85002002	暗碎片2	2	10	1	6
50050	1	85003002	暗碎片3	2	10	1	6
50050	1	85004002	暗碎片4	2	10	1	6
50050	1	81001002	雷碎片1	3	10	1	9
50050	1	81002002	雷碎片2	3	10	1	9
50050	1	81003002	雷碎片3	3	10	1	9
50050	1	81004002	雷碎片4	3	10	1	9
50050	1	82001002	火碎片1	3	10	1	9
50050	1	82002002	火碎片2	3	10	1	9
50050	1	82003002	火碎片3	3	10	1	9
50050	1	83001002	冰碎片1	3	10	1	9
50050	1	83002002	冰碎片2	3	10	1	9
50050	1	83003002	冰碎片3	3	10	1	9
50050	1	83004002	冰碎片4	3	10	1	9
50050	1	83005002	冰碎片5	3	10	1	9
50050	1	84001002	光碎片1	3	10	1	9
50050	1	84002002	光碎片2	3	10	1	9
50050	1	84003002	光碎片3	3	10	1	9
50050	1	84004002	光碎片4	3	10	1	9
50050	1	84005002	光碎片5	3	10	1	9
50050	1	84006002	光碎片6	3	10	1	9
50050	1	85001002	暗碎片1	3	10	1	9
50050	1	85002002	暗碎片2	3	10	1	9
50050	1	85003002	暗碎片3	3	10	1	9
50050	1	85004002	暗碎片4	3	10	1	9
50050	1	81001002	雷碎片1	4	10	1	12
50050	1	81002002	雷碎片2	4	10	1	12
50050	1	81003002	雷碎片3	4	10	1	12
50050	1	81004002	雷碎片4	4	10	1	12
50050	1	82001002	火碎片1	4	10	1	12
50050	1	82002002	火碎片2	4	10	1	12
50050	1	82003002	火碎片3	4	10	1	12
50050	1	83001002	冰碎片1	4	10	1	12
50050	1	83002002	冰碎片2	4	10	1	12
50050	1	83003002	冰碎片3	4	10	1	12
50050	1	83004002	冰碎片4	4	10	1	12
50050	1	83005002	冰碎片5	4	10	1	12
50050	1	84001002	光碎片1	4	10	1	12
50050	1	84002002	光碎片2	4	10	1	12
50050	1	84003002	光碎片3	4	10	1	12
50050	1	84004002	光碎片4	4	10	1	12
50050	1	84005002	光碎片5	4	10	1	12
50050	1	84006002	光碎片6	4	10	1	12
50050	1	85001002	暗碎片1	4	10	1	12
50050	1	85002002	暗碎片2	4	10	1	12
50050	1	85003002	暗碎片3	4	10	1	12
50050	1	85004002	暗碎片4	4	10	1	12
50050	1	81001002	雷碎片1	5	10	1	15
50050	1	81002002	雷碎片2	5	10	1	15
50050	1	81003002	雷碎片3	5	10	1	15
50050	1	81004002	雷碎片4	5	10	1	15
50050	1	82001002	火碎片1	5	10	1	15
50050	1	82002002	火碎片2	5	10	1	15
50050	1	82003002	火碎片3	5	10	1	15
50050	1	83001002	冰碎片1	5	10	1	15
50050	1	83002002	冰碎片2	5	10	1	15
50050	1	83003002	冰碎片3	5	10	1	15
50050	1	83004002	冰碎片4	5	10	1	15
50050	1	83005002	冰碎片5	5	10	1	15
50050	1	84001002	光碎片1	5	10	1	15
50050	1	84002002	光碎片2	5	10	1	15
50050	1	84003002	光碎片3	5	10	1	15
50050	1	84004002	光碎片4	5	10	1	15
50050	1	84005002	光碎片5	5	10	1	15
50050	1	84006002	光碎片6	5	10	1	15
50050	1	85001002	暗碎片1	5	10	1	15
50050	1	85002002	暗碎片2	5	10	1	15
50050	1	85003002	暗碎片3	5	10	1	15
50050	1	85004002	暗碎片4	5	10	1	15
50050	1	81001003	雷碎片1	1	10	1	10
50050	1	81002003	雷碎片2	1	10	1	10
50050	1	81003003	雷碎片3	1	10	1	10
50050	1	81004003	雷碎片4	1	10	1	10
50050	1	82001003	火碎片1	1	10	1	10
50050	1	82002003	火碎片2	1	10	1	10
50050	1	82003003	火碎片3	1	10	1	10
50050	1	83001003	冰碎片1	1	10	1	10
50050	1	83002003	冰碎片2	1	10	1	10
50050	1	83003003	冰碎片3	1	10	1	10
50050	1	83004003	冰碎片4	1	10	1	10
50050	1	83005003	冰碎片5	1	10	1	10
50050	1	84001003	光碎片1	1	10	1	10
50050	1	84002003	光碎片2	1	10	1	10
50050	1	84003003	光碎片3	1	10	1	10
50050	1	84004003	光碎片4	1	10	1	10
50050	1	84005003	光碎片5	1	10	1	10
50050	1	84006003	光碎片6	1	10	1	10
50050	1	85001003	暗碎片1	1	10	1	10
50050	1	85002003	暗碎片2	1	10	1	10
50050	1	85003003	暗碎片3	1	10	1	10
50050	1	85004003	暗碎片4	1	10	1	10
50050	1	81001003	雷碎片1	2	10	1	20
50050	1	81002003	雷碎片2	2	10	1	20
50050	1	81003003	雷碎片3	2	10	1	20
50050	1	81004003	雷碎片4	2	10	1	20
50050	1	82001003	火碎片1	2	10	1	20
50050	1	82002003	火碎片2	2	10	1	20
50050	1	82003003	火碎片3	2	10	1	20
50050	1	83001003	冰碎片1	2	10	1	20
50050	1	83002003	冰碎片2	2	10	1	20
50050	1	83003003	冰碎片3	2	10	1	20
50050	1	83004003	冰碎片4	2	10	1	20
50050	1	83005003	冰碎片5	2	10	1	20
50050	1	84001003	光碎片1	2	10	1	20
50050	1	84002003	光碎片2	2	10	1	20
50050	1	84003003	光碎片3	2	10	1	20
50050	1	84004003	光碎片4	2	10	1	20
50050	1	84005003	光碎片5	2	10	1	20
50050	1	84006003	光碎片6	2	10	1	20
50050	1	85001003	暗碎片1	2	10	1	20
50050	1	85002003	暗碎片2	2	10	1	20
50050	1	85003003	暗碎片3	2	10	1	20
50050	1	85004003	暗碎片4	2	10	1	20
50050	1	81001003	雷碎片1	3	10	1	30
50050	1	81002003	雷碎片2	3	10	1	30
50050	1	81003003	雷碎片3	3	10	1	30
50050	1	81004003	雷碎片4	3	10	1	30
50050	1	82001003	火碎片1	3	10	1	30
50050	1	82002003	火碎片2	3	10	1	30
50050	1	82003003	火碎片3	3	10	1	30
50050	1	83001003	冰碎片1	3	10	1	30
50050	1	83002003	冰碎片2	3	10	1	30
50050	1	83003003	冰碎片3	3	10	1	30
50050	1	83004003	冰碎片4	3	10	1	30
50050	1	83005003	冰碎片5	3	10	1	30
50050	1	84001003	光碎片1	3	10	1	30
50050	1	84002003	光碎片2	3	10	1	30
50050	1	84003003	光碎片3	3	10	1	30
50050	1	84004003	光碎片4	3	10	1	30
50050	1	84005003	光碎片5	3	10	1	30
50050	1	84006003	光碎片6	3	10	1	30
50050	1	85001003	暗碎片1	3	10	1	30
50050	1	85002003	暗碎片2	3	10	1	30
50050	1	85003003	暗碎片3	3	10	1	30
50050	1	85004003	暗碎片4	3	10	1	30
50050	1	81001003	雷碎片1	4	10	1	40
50050	1	81002003	雷碎片2	4	10	1	40
50050	1	81003003	雷碎片3	4	10	1	40
50050	1	81004003	雷碎片4	4	10	1	40
50050	1	82001003	火碎片1	4	10	1	40
50050	1	82002003	火碎片2	4	10	1	40
50050	1	82003003	火碎片3	4	10	1	40
50050	1	83001003	冰碎片1	4	10	1	40
50050	1	83002003	冰碎片2	4	10	1	40
50050	1	83003003	冰碎片3	4	10	1	40
50050	1	83004003	冰碎片4	4	10	1	40
50050	1	83005003	冰碎片5	4	10	1	40
50050	1	84001003	光碎片1	4	10	1	40
50050	1	84002003	光碎片2	4	10	1	40
50050	1	84003003	光碎片3	4	10	1	40
50050	1	84004003	光碎片4	4	10	1	40
50050	1	84005003	光碎片5	4	10	1	40
50050	1	84006003	光碎片6	4	10	1	40
50050	1	85001003	暗碎片1	4	10	1	40
50050	1	85002003	暗碎片2	4	10	1	40
50050	1	85003003	暗碎片3	4	10	1	40
50050	1	85004003	暗碎片4	4	10	1	40
50050	1	81001003	雷碎片1	5	10	1	50
50050	1	81002003	雷碎片2	5	10	1	50
50050	1	81003003	雷碎片3	5	10	1	50
50050	1	81004003	雷碎片4	5	10	1	50
50050	1	82001003	火碎片1	5	10	1	50
50050	1	82002003	火碎片2	5	10	1	50
50050	1	82003003	火碎片3	5	10	1	50
50050	1	83001003	冰碎片1	5	10	1	50
50050	1	83002003	冰碎片2	5	10	1	50
50050	1	83003003	冰碎片3	5	10	1	50
50050	1	83004003	冰碎片4	5	10	1	50
50050	1	83005003	冰碎片5	5	10	1	50
50050	1	84001003	光碎片1	5	10	1	50
50050	1	84002003	光碎片2	5	10	1	50
50050	1	84003003	光碎片3	5	10	1	50
50050	1	84004003	光碎片4	5	10	1	50
50050	1	84005003	光碎片5	5	10	1	50
50050	1	84006003	光碎片6	5	10	1	50
50050	1	85001003	暗碎片1	5	10	1	50
50050	1	85002003	暗碎片2	5	10	1	50
50050	1	85003003	暗碎片3	5	10	1	50
50050	1	85004003	暗碎片4	5	10	1	50
50050	1	81001004	雷碎片1	1	10	1	50
50050	1	81002004	雷碎片2	1	10	1	50
50050	1	81003004	雷碎片3	1	10	1	50
50050	1	81004004	雷碎片4	1	10	1	50
50050	1	82001004	火碎片1	1	10	1	50
50050	1	82002004	火碎片2	1	10	1	50
50050	1	82003004	火碎片3	1	10	1	50
50050	1	83001004	冰碎片1	1	10	1	50
50050	1	83002004	冰碎片2	1	10	1	50
50050	1	83003004	冰碎片3	1	10	1	50
50050	1	83004004	冰碎片4	1	10	1	50
50050	1	83005004	冰碎片5	1	10	1	50
50050	1	84001004	光碎片1	1	10	1	50
50050	1	84002004	光碎片2	1	10	1	50
50050	1	84003004	光碎片3	1	10	1	50
50050	1	84004004	光碎片4	1	10	1	50
50050	1	84005004	光碎片5	1	10	1	50
50050	1	84006004	光碎片6	1	10	1	50
50050	1	85001004	暗碎片1	1	10	1	50
50050	1	85002004	暗碎片2	1	10	1	50
50050	1	85003004	暗碎片3	1	10	1	50
50050	1	85004004	暗碎片4	1	10	1	50
50050	1	81001004	雷碎片1	2	10	1	100
50050	1	81002004	雷碎片2	2	10	1	100
50050	1	81003004	雷碎片3	2	10	1	100
50050	1	81004004	雷碎片4	2	10	1	100
50050	1	82001004	火碎片1	2	10	1	100
50050	1	82002004	火碎片2	2	10	1	100
50050	1	82003004	火碎片3	2	10	1	100
50050	1	83001004	冰碎片1	2	10	1	100
50050	1	83002004	冰碎片2	2	10	1	100
50050	1	83003004	冰碎片3	2	10	1	100
50050	1	83004004	冰碎片4	2	10	1	100
50050	1	83005004	冰碎片5	2	10	1	100
50050	1	84001004	光碎片1	2	10	1	100
50050	1	84002004	光碎片2	2	10	1	100
50050	1	84003004	光碎片3	2	10	1	100
50050	1	84004004	光碎片4	2	10	1	100
50050	1	84005004	光碎片5	2	10	1	100
50050	1	84006004	光碎片6	2	10	1	100
50050	1	85001004	暗碎片1	2	10	1	100
50050	1	85002004	暗碎片2	2	10	1	100
50050	1	85003004	暗碎片3	2	10	1	100
50050	1	85004004	暗碎片4	2	10	1	100
50050	1	81001004	雷碎片1	3	10	1	150
50050	1	81002004	雷碎片2	3	10	1	150
50050	1	81003004	雷碎片3	3	10	1	150
50050	1	81004004	雷碎片4	3	10	1	150
50050	1	82001004	火碎片1	3	10	1	150
50050	1	82002004	火碎片2	3	10	1	150
50050	1	82003004	火碎片3	3	10	1	150
50050	1	83001004	冰碎片1	3	10	1	150
50050	1	83002004	冰碎片2	3	10	1	150
50050	1	83003004	冰碎片3	3	10	1	150
50050	1	83004004	冰碎片4	3	10	1	150
50050	1	83005004	冰碎片5	3	10	1	150
50050	1	84001004	光碎片1	3	10	1	150
50050	1	84002004	光碎片2	3	10	1	150
50050	1	84003004	光碎片3	3	10	1	150
50050	1	84004004	光碎片4	3	10	1	150
50050	1	84005004	光碎片5	3	10	1	150
50050	1	84006004	光碎片6	3	10	1	150
50050	1	85001004	暗碎片1	3	10	1	150
50050	1	85002004	暗碎片2	3	10	1	150
50050	1	85003004	暗碎片3	3	10	1	150
50050	1	85004004	暗碎片4	3	10	1	150
50050	1	81001004	雷碎片1	4	10	1	200
50050	1	81002004	雷碎片2	4	10	1	200
50050	1	81003004	雷碎片3	4	10	1	200
50050	1	81004004	雷碎片4	4	10	1	200
50050	1	82001004	火碎片1	4	10	1	200
50050	1	82002004	火碎片2	4	10	1	200
50050	1	82003004	火碎片3	4	10	1	200
50050	1	83001004	冰碎片1	4	10	1	200
50050	1	83002004	冰碎片2	4	10	1	200
50050	1	83003004	冰碎片3	4	10	1	200
50050	1	83004004	冰碎片4	4	10	1	200
50050	1	83005004	冰碎片5	4	10	1	200
50050	1	84001004	光碎片1	4	10	1	200
50050	1	84002004	光碎片2	4	10	1	200
50050	1	84003004	光碎片3	4	10	1	200
50050	1	84004004	光碎片4	4	10	1	200
50050	1	84005004	光碎片5	4	10	1	200
50050	1	84006004	光碎片6	4	10	1	200
50050	1	85001004	暗碎片1	4	10	1	200
50050	1	85002004	暗碎片2	4	10	1	200
50050	1	85003004	暗碎片3	4	10	1	200
50050	1	85004004	暗碎片4	4	10	1	200
50050	1	81001004	雷碎片1	5	10	1	250
50050	1	81002004	雷碎片2	5	10	1	250
50050	1	81003004	雷碎片3	5	10	1	250
50050	1	81004004	雷碎片4	5	10	1	250
50050	1	82001004	火碎片1	5	10	1	250
50050	1	82002004	火碎片2	5	10	1	250
50050	1	82003004	火碎片3	5	10	1	250
50050	1	83001004	冰碎片1	5	10	1	250
50050	1	83002004	冰碎片2	5	10	1	250
50050	1	83003004	冰碎片3	5	10	1	250
50050	1	83004004	冰碎片4	5	10	1	250
50050	1	83005004	冰碎片5	5	10	1	250
50050	1	84001004	光碎片1	5	10	1	250
50050	1	84002004	光碎片2	5	10	1	250
50050	1	84003004	光碎片3	5	10	1	250
50050	1	84004004	光碎片4	5	10	1	250
50050	1	84005004	光碎片5	5	10	1	250
50050	1	84006004	光碎片6	5	10	1	250
50050	1	85001004	暗碎片1	5	10	1	250
50050	1	85002004	暗碎片2	5	10	1	250
50050	1	85003004	暗碎片3	5	10	1	250
50050	1	85004004	暗碎片4	5	10	1	250
70030	1	91000004	4级宝石	1	10	1	20
70030	1	91000004	4级宝石	2	10	1	40
70030	1	91000004	4级宝石	3	10	1	60
70030	1	91000004	4级宝石	4	10	1	80
70030	1	91000004	4级宝石	5	10	1	100
70035	1	91000004	4级宝石	1	10	1	20
70035	1	91000004	4级宝石	2	10	1	40
70035	1	91000004	4级宝石	3	10	1	60
70035	1	91000004	4级宝石	4	10	1	80
70035	1	91000004	4级宝石	5	10	1	100
70035	1	91000005	5级宝石	1	10	1	70
70035	1	91000005	5级宝石	2	10	1	140
70035	1	91000005	5级宝石	3	10	1	210
70035	1	91000005	5级宝石	4	10	1	280
70035	1	91000005	5级宝石	5	10	1	350
70040	1	91000004	4级宝石	1	10	1	20
70040	1	91000004	4级宝石	2	10	1	40
70040	1	91000004	4级宝石	3	10	1	60
70040	1	91000004	4级宝石	4	10	1	80
70040	1	91000004	4级宝石	5	10	1	100
70040	1	91000005	5级宝石	1	10	1	70
70040	1	91000005	5级宝石	2	10	1	140
70040	1	91000005	5级宝石	3	10	1	210
70040	1	91000005	5级宝石	4	10	1	280
70040	1	91000005	5级宝石	5	10	1	350
70040	1	91000006	6级宝石	1	10	1	250
70040	1	91000006	6级宝石	2	10	1	500
70040	1	91000006	6级宝石	3	10	1	750
70040	1	91000006	6级宝石	4	10	1	1000
70040	1	91000006	6级宝石	5	10	1	1250
70045	1	91000004	4级宝石	1	10	1	20
70045	1	91000004	4级宝石	2	10	1	40
70045	1	91000004	4级宝石	3	10	1	60
70045	1	91000004	4级宝石	4	10	1	80
70045	1	91000004	4级宝石	5	10	1	100
70045	1	91000005	5级宝石	1	10	1	70
70045	1	91000005	5级宝石	2	10	1	140
70045	1	91000005	5级宝石	3	10	1	210
70045	1	91000005	5级宝石	4	10	1	280
70045	1	91000005	5级宝石	5	10	1	350
70045	1	91000006	6级宝石	1	10	1	250
70045	1	91000006	6级宝石	2	10	1	500
70045	1	91000006	6级宝石	3	10	1	750
70045	1	91000006	6级宝石	4	10	1	1000
70045	1	91000006	6级宝石	5	10	1	1250
70045	1	91000007	7级宝石	1	10	1	800
70045	1	91000007	7级宝石	2	10	1	1600
70045	1	91000007	7级宝石	3	10	1	2400
70045	1	91000007	7级宝石	4	10	1	3200
70045	1	91000007	7级宝石	5	10	1	4000
20001	1	71000001	+5sp	4	10	1	4
20001	1	71000001	+5sp	5	10	1	5
20001	1	71000001	+5sp	10	10	1	10
20010	1	71000001	+5sp	4	10	1	4
20010	1	71000001	+5sp	5	10	1	5
20010	1	71000001	+5sp	10	10	1	10
20010	1	72000001	+10sp	4	10	1	8
20010	1	72000001	+10sp	5	10	1	10
20010	1	72000001	+10sp	10	10	1	20
20020	1	71000001	+5sp	4	10	1	4
20020	1	71000001	+5sp	5	10	1	5
20020	1	71000001	+5sp	10	10	1	10
20020	1	72000001	+10sp	4	10	1	8
20020	1	72000001	+10sp	5	10	1	10
20020	1	72000001	+10sp	10	10	1	20
20020	1	73000001	+15sp	3	10	1	15
20020	1	73000001	+15sp	4	10	1	20
20020	1	73000001	+15sp	5	10	1	25
20020	1	73000001	+15sp	10	10	1	50
20030	1	71000001	+5sp	4	10	1	4
20030	1	71000001	+5sp	5	10	1	5
20030	1	71000001	+5sp	10	10	1	10
20030	1	72000001	+10sp	4	10	1	8
20030	1	72000001	+10sp	5	10	1	10
20030	1	72000001	+10sp	10	10	1	20
20030	1	73000001	+15sp	3	10	1	15
20030	1	73000001	+15sp	4	10	1	20
20030	1	73000001	+15sp	5	10	1	25
20030	1	73000001	+15sp	10	10	1	50
20030	1	74000001	+20sp	1	10	1	10
20030	1	74000001	+20sp	2	10	1	20
20030	1	74000001	+20sp	3	10	1	30
20030	1	74000001	+20sp	4	10	1	40
20030	1	74000001	+20sp	5	10	1	50
20030	1	74000001	+20sp	10	10	1	100
20050	1	71000001	+5sp	4	10	1	4
20050	1	71000001	+5sp	5	10	1	5
20050	1	71000001	+5sp	10	10	1	10
20050	1	72000001	+10sp	4	10	1	8
20050	1	72000001	+10sp	5	10	1	10
20050	1	72000001	+10sp	10	10	1	20
20050	1	73000001	+15sp	3	10	1	15
20050	1	73000001	+15sp	4	10	1	20
20050	1	73000001	+15sp	5	10	1	25
20050	1	73000001	+15sp	10	10	1	50
20050	1	74000001	+20sp	1	10	1	10
20050	1	74000001	+20sp	2	10	1	20
20050	1	74000001	+20sp	3	10	1	30
20050	1	74000001	+20sp	4	10	1	40
20050	1	74000001	+20sp	5	10	1	50
20050	1	74000001	+20sp	10	10	1	100
20050	1	75000001	+25sp	1	10	1	20
20050	1	75000001	+25sp	2	10	1	40
20050	1	75000001	+25sp	3	10	1	60
20050	1	75000001	+25sp	4	10	1	80
20050	1	75000001	+25sp	5	10	1	100
20050	1	75000001	+25sp	10	10	1	200
90001	2	11099	经验卡	1	10	1	5
90001	2	21099	经验卡	1	10	1	20
90001	2	31099	经验卡	1	10	1	50
90001	2	41099	经验卡	1	10	1	150
90001	2	11099	经验卡	5	10	1	25
90001	2	21099	经验卡	5	10	1	100
90001	2	31099	经验卡	5	10	1	250
90001	2	41099	经验卡	5	10	1	750
90001	2	11099	经验卡	10	10	1	50
90001	2	21099	经验卡	10	10	1	200
90001	2	31099	经验卡	10	10	1	500
90001	2	41099	经验卡	10	10	1	1500
90001	3	42006	逐烟霞	1	10	1	10
90001	3	42006	逐烟霞	2	10	1	20
90001	3	42006	逐烟霞	3	10	1	30
90001	3	42006	逐烟霞	5	10	1	50
90001	3	42006	逐烟霞	10	10	1	100
90001	3	43102	包子入侵	1	10	1	10
90001	3	43102	包子入侵	2	10	1	20
90001	3	43102	包子入侵	3	10	1	30
90001	3	43102	包子入侵	5	10	1	50
90001	3	43102	包子入侵	10	10	1	100
90001	3	44003	寒烟柔	1	10	1	10
90001	3	44003	寒烟柔	2	10	1	20
90001	3	44003	寒烟柔	3	10	1	30
90001	3	44003	寒烟柔	5	10	1	50
90001	3	44003	寒烟柔	10	10	1	100
90001	3	41103	再睡一夏	1	10	1	10
90001	3	41103	再睡一夏	2	10	1	20
90001	3	41103	再睡一夏	3	10	1	30
90001	3	41103	再睡一夏	5	10	1	50
90001	3	41103	再睡一夏	10	10	1	100
90001	3	41203	鬼刻	1	10	1	10
90001	3	41203	鬼刻	2	10	1	20
90001	3	41203	鬼刻	3	10	1	30
90001	3	41203	鬼刻	5	10	1	50
90001	3	41203	鬼刻	10	10	1	100
90001	3	43202	气冲云水	1	10	1	10
90001	3	43202	气冲云水	2	10	1	20
90001	3	43202	气冲云水	3	10	1	30
90001	3	43202	气冲云水	5	10	1	50
90001	3	43202	气冲云水	10	10	1	100
90001	3	42203	全透明	1	10	1	10
90001	3	42203	全透明	2	10	1	20
90001	3	42203	全透明	3	10	1	30
90001	3	42203	全透明	5	10	1	50
90001	3	42203	全透明	10	10	1	100
90001	3	54102	鸾辂音尘	1	10	1	100
90001	3	54102	鸾辂音尘	2	10	1	200
90001	3	54102	鸾辂音尘	3	10	1	300
90001	3	54102	鸾辂音尘	5	10	1	500
90001	3	54102	鸾辂音尘	10	10	1	1000
90001	3	51006	飞刀剑	1	10	1	100
90001	3	51006	飞刀剑	2	10	1	200
90001	3	51006	飞刀剑	3	10	1	300
90001	3	51006	飞刀剑	5	10	1	500
90001	3	51006	飞刀剑	10	10	1	1000
80001	1	30000001		10	10	1	10
80001	1	30000002		10	10	1	10
80001	1	30000003		10	10	1	10
80001	1	30000004		10	10	1	10
80001	1	30000005		10	10	1	10
80001	1	30000006		10	10	1	10
80001	1	10000004		1	10	1	50
80001	1	30000001		100	10	1	100
80001	1	30000002		100	10	1	100
80001	1	30000003		100	10	1	100
80001	1	30000004		100	10	1	100
80001	1	30000005		100	10	1	100
80001	1	30000006		100	10	1	100
80001	1	10000004		10	10	1	500
