技能唯一ID	技能类型0-14	动画资源名	图标	技能名称	技能释放距离	释放纵深	职业所属	等级	开启等级	前置技能	前置技能等级	所需金币	材料1	材料1数量	材料2	材料2数量	品质	冷却	物理伤害比例	魔法伤害比例	物理固定伤害	魔法固定伤害	物理暴击值	魔法暴击值	命中值	技能消耗能量	技能说明	天赋预览	伤害类型	其他属性计算
skill_id	skill_idx	anim_res	icon	name	rangeX	rangeY	occup	level	levellimit	pre_skill_id	pre_skill_lv	gold	item	item_num	item2	item2_num	quality	cd	phy_percent	mag_percent	phy_fix_dmg	mag_fix_dmg	phycritical	magcritical	hit	mp	describe	talent_preview	atk_type	other_type
int	int	string	string	string	int	int	int	int	int	int	int	int	int	int	int	int	int	int	int	int	int	int	int	int	int	int	string	string	int	int
21001001	0	monster_001_atk1_non		普通哥布林抡锤子攻击	180	35	0	0	1	0	0	0	0	0	0	0	1	0	10000	10000	0	0	0	0	10000	0	哥布林抡锤子攻击		0	0
21001002	10	monster_001_non_born_0		普通哥布林基础出生动画0	1200	600	0	0	1	0	0	0	0	0	0	0	1	0	10000	10000	0	0	0	0	10000	0	哥布林基础出生动画0		0	0
21001003	1	monster_001_atk1_red		红色哥布林抡锤子攻击	180	35	0	0	1	0	0	0	0	0	0	0	1	0	10000	10000	0	0	0	0	10000	0	哥布林抡锤子攻击		0	0
21001004	11	monster_001_red_born_0		红色哥布林基础出生动画0	1200	600	0	0	1	0	0	0	0	0	0	0	1	0	10000	10000	0	0	0	0	10000	0	哥布林基础出生动画0		0	0
21001005	2	monster_001_atk1_yellow	UI_battle_attack1.png	黄色哥布林抡锤子攻击	180	35	0	0	1	0	0	0	0	0	0	0	1	0	10000	10000	0	0	0	0	10000	0	哥布林抡锤子攻击		0	0
21001006	12	monster_001_yellow_born_0		黄色哥布林基础出生动画0	1200	600	0	0	1	0	0	0	0	0	0	0	1	0	10000	10000	0	0	0	0	10000	0	哥布林基础出生动画0		0	0
21001007	3	monster_001_atk1_blue		蓝色哥布林抡锤子攻击	180	35	0	0	1	0	0	0	0	0	0	0	1	0	10000	10000	0	0	0	0	10000	0	哥布林抡锤子攻击		0	0
21001008	13	monster_001_blue_born_0		蓝色哥布林基础出生动画0	1200	600	0	0	1	0	0	0	0	0	0	0	1	0	10000	10000	0	0	0	0	10000	0	哥布林基础出生动画0		0	0
21001009	14	monster_001_non_born_2		普通哥布林烟雾出生动画2	1200	600	0	0	1	0	0	0	0	0	0	0	1	0	10000	10000	0	0	0	0	10000	0	普通哥布林基础出生动画2		0	0
21001011	15	monster_001_blue_born_2		蓝色哥布林烟雾出生动画2	1200	600	0	0	1	0	0	0	0	0	0	0	1	0	10000	10000	0	0	0	0	10000	0	蓝色哥布林基础出生动画2		0	0
21001012	16	monster_001_red_born_2		红色哥布林烟雾出生动画2	1200	600	0	0	1	0	0	0	0	0	0	0	1	0	10000	10000	0	0	0	0	10000	0	红色哥布林基础出生动画2		0	0
21001013	17	monster_001_yellow_born_2		黄色哥布林烟雾出生动画2	1200	600	0	0	1	0	0	0	0	0	0	0	1	0	10000	10000	0	0	0	0	10000	0	黄色哥布林基础出生动画2		0	0
21001014	4	monster_001_atk1_red_boss		红色哥布林boss攻击带爆炸	1200	35	0	0	1	0	0	0	0	0	0	0	1	0	10000	10000	0	0	0	0	10000	0	红色哥布林boss攻击带爆炸		0	0
21001015	18	monster_001_naked_born_0		无盔甲哥布林基础出生动画0	1200	600	0	0	1	0	0	0	0	0	0	0	1	0	10000	10000	0	0	0	0	10000	0	无盔甲哥布林基础出生动画		0	0
21001016	5	monster_001_atk1_naked		无盔甲哥布林抡锤子攻击	180	35	0	0	1	0	0	0	0	0	0	0	1	0	10000	10000	0	0	0	0	10000	0	无盔甲哥布林普通攻击		0	0
21001017	6	monster_001_atk1_blue_boss		冰霜哥布林boss攻击带冰块	180	35	0	0	1	0	0	0	0	0	0	0	1	0	10000	10000	0	0	0	0	10000	0	冰霜哥布林普攻冰块		0	0
21001018	7	monster_001_atk1_non_elite		紫色哥布林精英霸体	180	35	0	0	1	0	0	0	0	0	0	0	1	0	10000	10000	0	0	0	0	10000	0	冰霜哥布林普攻冰块		0	0
21001019	8	monster_001_atk1_yellow_boss	item_skill_1720.png	黄金哥布林boss残影攻击	180	35	0	0	1	0	0	0	0	0	0	0	1	0	10000	10000	0	0	0	0	10000	0	冰霜哥布林普攻冰块		0	0
21003001	0	monster_003_atk1		小精灵双刀前刺攻击	450	35	0	0	1	0	0	0	0	0	0	0	1	0	10000	10000	0	0	0	0	10000	0	小精灵双刀前刺攻击		0	0
21003002	1	monster_003_skill1		小精灵跳刀下劈技能	250	35	0	0	1	0	0	0	0	0	0	0	1	0	10000	10000	0	0	0	0	10000	0	小精灵跳刀下劈技能		0	0
21003003	2	monster_003_skill2		小精灵跳到下劈前冲技能	250	35	0	0	1	0	0	0	0	0	0	0	1	0	10000	10000	0	0	0	0	10000	0	小精灵跳到下劈前冲技能		0	0
21003004	3	monster_003_atk2		小精灵飞镖攻击	700	35	0	0	1	0	0	0	0	0	0	0	1	0	10000	10000	0	0	0	0	10000	0	小精灵飞镖攻击		0	0
21003005	4	monster_003_atk3		小精灵连续飞镖攻击	700	35	0	0	1	0	0	0	0	0	0	0	1	0	10000	10000	0	0	0	0	10000	0	小精灵连续飞镖攻击		0	0
21003006	10	monster_003_born_0		小精灵基础出生动画0	1200	600	0	0	1	0	0	0	0	0	0	0	1	0	10000	10000	0	0	0	0	10000	0	小精灵基础出生动画0		0	0
21003007	11	monster_003_born_1		小精灵出生动画1 场景落下	1200	600	0	0	1	0	0	0	0	0	0	0	1	0	10000	10000	0	0	0	0	10000	0	小精灵出生动画1 场景落下		0	0
21003008	5	monster_003_atk2_super		小精灵飞镖攻击-霸体	700	600	0	0	1	0	0	0	0	0	0	0	1	0	10000	10000	0	0	0	0	10000	0	小精灵飞镖攻击-霸体		0	0
21003009	12	monster_003_hurt		小精灵受击反击技65%突刺35%跳刺	1200	600	0	0	1	0	0	0	0	0	0	0	1	0	10000	10000	0	0	0	0	10000	0	小精灵受击反击技65%突刺35%跳刺		0	0
21003010	13	monster_003_hurt1		小精灵受击反击技65%突刺35%跳刺	1200	600	0	0	1	0	0	0	0	0	0	0	1	0	10000	10000	0	0	0	0	10000	0	小精灵受击反击技65%突刺35%跳刺		0	0
21003011	14	monster_003_up		小精灵倒地起身跳刺	1200	600	0	0	1	0	0	0	0	0	0	0	1	0	10000	10000	0	0	0	0	10000	0	小精灵倒地起身跳刺		0	0
21003012	15	monster_003_born_2		小精灵基础出生动画1入场丢飞镖然后跑掉(暂时废弃)	1200	600	0	0	1	0	0	0	0	0	0	0	1	0	10000	10000	0	0	0	0	10000	0	小精灵基础出生动画1入场丢飞镖然后跑掉		0	0
21003013	16	monster_003_born_3		小精灵普通下落出生	1200	600	0	0	1	0	0	0	0	0	0	0	1	0	10000	10000	0	0	0	0	10000	0	小精灵普通下落出生		0	0
21012001	0	monster_012_atk1		猫女挥抓攻击	100	35	0	0	1	0	0	0	0	0	0	0	1	0	10000	10000	0	0	0	0	10000	0	猫女挥抓攻击		0	0
21012002	1	monster_012_skill1		猫女后跳前扑技能	500	35	0	0	1	0	0	0	0	0	0	0	1	0	10000	10000	0	0	0	0	10000	0	猫女后跳前扑技能		0	0
21012003	10	monster_012_born_0		猫女基础出生动画0	1200	600	0	0	1	0	0	0	0	0	0	0	1	0	10000	10000	0	0	0	0	10000	0	猫女基础出生动画0		0	0
21012004	11	monster_012_born_1		猫女出生动画_残影走路进场	1200	600	0	0	1	0	0	0	0	0	0	0	1	0	10000	10000	0	0	0	0	10000	0	猫女出生动画_残影走路进场		0	0
21012005	12	monster_012_hurt		猫女受击反击技75%普攻25%前扑	1200	600	0	0	1	0	0	0	0	0	0	0	1	0	10000	10000	0	0	0	0	10000	0	猫女受击反击技75%普攻25%前扑		0	0
21012006	13	monster_012_hurt1		猫女受击反击技75%普攻25%前扑	1200	600	0	0	1	0	0	0	0	0	0	0	1	0	10000	10000	0	0	0	0	10000	0	猫女受击反击技75%普攻25%前扑		0	0
21012007	14	monster_012_up		猫女倒地起身前扑	1200	600	0	0	1	0	0	0	0	0	0	0	1	0	10000	10000	0	0	0	0	10000	0	猫女倒地起身前扑		0	0
21012008	2	monster_012_skill2		猫女全屏随机3抓	400	20	0	0	1	0	0	0	0	0	0	0	1	0	10000	10000	0	0	0	0	10000	0	猫女全屏随机3抓		0	0
21011001	0	monster_011_atk1		小鹿挥鞭子攻击1	420	35	0	0	1	0	0	0	0	0	0	0	1	0	10000	10000	0	0	0	0	10000	0	小鹿挥鞭子攻击1		0	0
21011002	1	monster_011_atk2		小鹿挥鞭子攻击2	420	35	0	0	1	0	0	0	0	0	0	0	1	0	10000	10000	0	0	0	0	10000	0	小鹿挥鞭子攻击2		0	0
21011003	2	monster_011_atk3		小鹿挥鞭子2连击	420	35	0	0	1	0	0	0	0	0	0	0	1	0	10000	10000	0	0	0	0	10000	0	小鹿挥鞭子2连击		0	0
21011004	10	monster_011_up		小鹿起身技掉炸弹	1200	600	0	0	1	0	0	0	0	0	0	0	1	0	10000	10000	0	0	0	0	10000	0	小鹿起身技掉炸弹		0	0
21011005	11	monster_011_hurt		小鹿受击反击技掉炸弹	1200	600	0	0	1	0	0	0	0	0	0	0	1	0	10000	10000	0	0	0	0	10000	0	小鹿受击反击技掉炸弹		0	0
21011006	12	monster_011_hurt1		小鹿受击反击技掉炸弹	1200	600	0	0	1	0	0	0	0	0	0	0	1	0	10000	10000	0	0	0	0	10000	0	小鹿受击反击技掉炸弹		0	0
21011007	3	monster_011_skill1		小鹿丢3个炸弹	420	600	0	0	1	0	0	0	0	0	0	0	1	0	10000	10000	0	0	0	0	10000	0	小鹿丢3个炸弹		0	0
21011008	13	monster_011_born_0		小鹿基础出生动画0	1200	600	0	0	1	0	0	0	0	0	0	0	1	0	10000	10000	0	0	0	0	10000	0	小鹿基础出生动画0		0	0
21016001	0	monster_016_atk1		女僵尸双爪攻击	200	35	0	0	1	0	0	0	0	0	0	0	1	0	10000	10000	0	0	0	0	10000	0	女僵尸双爪攻击		0	0
21016002	14	monster_016_born_0		女僵尸烟雾出生动画0	1200	600	0	0	1	0	0	0	0	0	0	0	1	0	10000	10000	0	0	0	0	10000	0	女僵尸基础出生动画0		0	0
21016003	15	monster_016_born_1		女僵尸由躺着直接直立	1200	600	0	0	1	0	0	0	0	0	0	0	1	0	10000	10000	0	0	0	0	10000	0	女僵尸由躺着直接直立		0	0
21016004	16	monster_016_hurt		女僵尸受击反击前抓	1200	600	0	0	1	0	0	0	0	0	0	0	1	0	10000	10000	0	0	0	0	10000	0	女僵尸受击反击前抓		0	0
21016007	1	monster_016_skill1		女僵尸技能1鬼影抓	200	35	0	0	1	0	0	0	0	0	0	0	1	0	10000	10000	0	0	0	0	10000	0	女僵尸技能1鬼影抓		0	0
21016005	17	monster_016_hurt1		女僵尸受击反击前抓	1200	600	0	0	1	0	0	0	0	0	0	0	1	0	10000	10000	0	0	0	0	10000	0	女僵尸受击反击前抓		0	0
21016006	18	monster_016_activity_run		女僵尸残影移动	1200	600	0	0	1	0	0	0	0	0	0	0	1	0	10000	10000	0	0	0	0	10000	0	女僵尸残影移动		0	0
21005001	0	monster_005_atk1		男僵尸挥刀砍击	190	35	0	0	1	0	0	0	0	0	0	0	1	0	10000	10000	0	0	0	0	10000	0	男僵尸挥刀砍击		0	0
21005002	1	monster_005_atk2		男僵尸挥刀砍击2下	190	35	0	0	1	0	0	0	0	0	0	0	1	0	10000	10000	0	0	0	0	10000	0	男僵尸挥刀砍击2下		0	0
21005003	2	monster_005_atk2		男僵尸喷毒技能	270	35	0	0	1	0	0	0	0	0	0	0	1	0	10000	10000	0	0	0	0	10000	0	男僵尸喷毒技能		0	0
21005004	3	monster_005_atk2		男僵尸喷毒技能2	270	35	0	0	1	0	0	0	0	0	0	0	1	0	10000	10000	0	0	0	0	10000	0	男僵尸喷毒技能2		0	0
21005005	4	monster_005_atk2		男僵尸喷毒技能3	270	35	0	0	1	0	0	0	0	0	0	0	1	0	10000	10000	0	0	0	0	10000	0	男僵尸喷毒技能3		0	0
21005006	10	monster_005_born_0		男僵尸基础出生动画	1200	600	0	0	1	0	0	0	0	0	0	0	1	0	10000	10000	0	0	0	0	10000	0	男僵尸基础出生动画		0	0
21005007	11	monster_005_born_1		男僵尸天上掉下来	1200	600	0	0	1	0	0	0	0	0	0	0	1	0	10000	10000	0	0	0	0	10000	0	男僵尸天上掉下来		0	0
21005008	12	monster_005_born_2		男僵尸出生动画_爬出来	1200	600	0	0	1	0	0	0	0	0	0	0	1	0	10000	10000	0	0	0	0	10000	0	男僵尸出生动画_爬出来		0	0
21005009	13	monster_005_hurt		男僵尸受击反击砍	1200	600	0	0	1	0	0	0	0	0	0	0	1	0	10000	10000	0	0	0	0	10000	0	男僵尸受击反击砍		0	0
21005010	14	monster_005_hurt1		男僵尸受击反击砍	1200	600	0	0	1	0	0	0	0	0	0	0	1	0	10000	10000	0	0	0	0	10000	0	男僵尸受击反击砍		0	0
21004001	0	monster_004_atk1		冰霜狼人单手刺击	150	35	0	0	1	0	0	0	0	0	0	0	1	0	10000	10000	0	0	0	0	10000	0	冰霜狼人单手刺击		0	0
21004002	1	monster_004_skill1		冰霜狼人龙卷风实时追踪	900	600	0	0	1	0	0	0	0	0	0	0	1	0	10000	10000	0	0	0	0	10000	0	冰霜狼人龙卷风实时追踪		0	0
21004003	2	monster_004_skill2		冰霜狼人龙卷风定点追踪	900	600	0	0	1	0	0	0	0	0	0	0	1	0	10000	10000	0	0	0	0	10000	0	冰霜狼人龙卷风定点追踪		0	0
21004004	10	monster_004_born_0		冰霜狼人基础出生动画	1200	600	0	0	1	0	0	0	0	0	0	0	1	0	10000	10000	0	0	0	0	10000	0	冰霜狼人基础出生动画		0	0
21004005	11	monster_004_born_1		冰霜狼人旋风进场出生动作1520码	1200	600	0	0	1	0	0	0	0	0	0	0	1	0	10000	10000	0	0	0	0	10000	0	冰霜狼人旋风进场出生动作400码		0	0
21004006	12	monster_004_born_2		冰霜狼人旋风进场出生动作800码	1200	600	0	0	1	0	0	0	0	0	0	0	1	0	10000	10000	0	0	0	0	10000	0	冰霜狼人旋风进场出生动作800码		0	0
21004007	13	monster_004_hurt		冰霜狼人受击反击80%普攻20%转	1200	600	0	0	1	0	0	0	0	0	0	0	1	0	10000	10000	0	0	0	0	10000	0	冰霜狼人受击反击80%普攻20%转		0	0
21004008	14	monster_004_hurt1		冰霜狼人受击反击80%普攻20%转	1200	600	0	0	1	0	0	0	0	0	0	0	1	0	10000	10000	0	0	0	0	10000	0	冰霜狼人受击反击80%普攻20%转		0	0
21004009	15	monster_004_up		冰霜狼人起身定点追踪转	1200	600	0	0	1	0	0	0	0	0	0	0	1	0	10000	10000	0	0	0	0	10000	0	冰霜狼人起身定点追踪转		0	0
21004010	16	monster_004_born_3		冰霜狼人sin曲线入场	1200	600	0	0	1	0	0	0	0	0	0	0	1	0	10000	10000	0	0	0	0	10000	0	冰霜狼人sin曲线入场		0	0
21004011	17	monster_004_born_4		冰霜狼人对角斜线入场	1200	600	0	0	1	0	0	0	0	0	0	0	1	0	10000	10000	0	0	0	0	10000	0	冰霜狼人对角斜线入场		0	0
21004012	18	monster_004_born_5		冰霜狼人快速残影进场	1200	600	0	0	1	0	0	0	0	0	0	0	1	0	10000	10000	0	0	0	0	10000	0	冰霜狼人残影快速进场		0	0
21004013	3	monster_004_skill3		冰霜狼人原地大旋风	250	60	0	0	1	0	0	0	0	0	0	0	1	0	10000	10000	0	0	0	0	10000	0	冰霜狼人原地大风车		0	0
21002001	0	monster_002_atk1		蝎子男踢腿攻击	250	35	0	0	1	0	0	0	0	0	0	0	1	0	10000	10000	0	0	0	0	10000	0	蝎子男踢腿攻击		0	0
21002002	1	monster_002_skill1		蝎子男飞爪技能	1000	35	0	0	1	0	0	0	0	0	0	0	1	0	10000	10000	0	0	0	0	10000	0	蝎子男飞爪技能		0	0
21002003	10	monster_002_born_0		蝎子男基础出生动画	1200	600	0	0	1	0	0	0	0	0	0	0	1	0	10000	10000	0	0	0	0	10000	0	蝎子男基础出生动画		0	0
21002004	11	monster_002_hurt		蝎子男受击反击踢	1200	600	0	0	1	0	0	0	0	0	0	0	1	0	10000	10000	0	0	0	0	10000	0	蝎子男受击反击踢		0	0
21002005	12	monster_002_hurt1		蝎子男受击反击踢	1200	600	0	0	1	0	0	0	0	0	0	0	1	0	10000	10000	0	0	0	0	10000	0	蝎子男受击反击踢		0	0
21009001	0	monster_009_atk1		骷髅法师挥杖攻击	200	35	0	0	1	0	0	0	0	0	0	0	1	0	10000	10000	0	0	0	0	10000	0	骷髅法师挥杖攻击		0	0
21009002	1	monster_009_skill1		骷髅法师圆球追踪技能	900	600	0	0	1	0	0	0	0	0	0	0	1	0	10000	10000	0	0	0	0	10000	0	骷髅法师圆球追踪技能		0	0
21009003	2	monster_009_skill1_2		骷髅法师散弹圆球5连发	900	600	0	0	1	0	0	0	0	0	0	0	1	0	10000	10000	0	0	0	0	10000	0	骷髅法师散弹圆球5连发		0	0
21009004	3	monster_009_skill2		骷髅法师墓碑技能	900	600	0	0	1	0	0	0	0	0	0	0	1	0	10000	10000	0	0	0	0	10000	0	骷髅法师墓碑技能		0	0
21009005	4	monster_009_skill3_shunyi		骷髅法师瞬移+5连发圆球	350	600	0	0	1	0	0	0	0	0	0	0	1	0	10000	10000	0	0	0	0	10000	0	骷髅法师瞬移+5连发圆球		0	0
21009006	10	monster_009_born_0		骷髅法师基础出生动画	1200	600	0	0	1	0	0	0	0	0	0	0	1	0	10000	10000	0	0	0	0	10000	0	骷髅法师基础出生动画		0	0
21009007	11	monster_009_born_1		骷髅法师墓碑掉落出生动画	1200	600	0	0	1	0	0	0	0	0	0	0	1	0	10000	10000	0	0	0	0	10000	0	骷髅法师墓碑掉落出生动画		0	0
21009008	12	monster_009_born_2		骷髅法师绿火粒子出生动画	1200	600	0	0	1	0	0	0	0	0	0	0	1	0	10000	10000	0	0	0	0	10000	0	骷髅法师绿火粒子出生动画		0	0
21009009	13	monster_009_hurt		骷髅法师受击反击75%普通攻击25%瞬移	1200	600	0	0	1	0	0	0	0	0	0	0	1	0	10000	10000	0	0	0	0	10000	0	骷髅法师受击反击75%普通攻击25%瞬移		0	0
21009010	14	monster_009_hurt1		骷髅法师受击反击75%普通攻击25%瞬移	1200	600	0	0	1	0	0	0	0	0	0	0	1	0	10000	10000	0	0	0	0	10000	0	骷髅法师受击反击75%普通攻击25%瞬移		0	0
21009011	15	monster_009_up		骷髅法师倒地起身瞬移	1200	600	0	0	1	0	0	0	0	0	0	0	1	0	10000	10000	0	0	0	0	10000	0	骷髅法师倒地起身瞬移		0	0
21009012	16	monster_009_summon		骷髅法师法阵召唤Summon	1200	600	0	0	1	0	0	0	0	0	0	0	1	0	10000	10000	0	0	0	0	10000	0	骷髅法师法阵召唤Summon		0	0
21009013	17	monster_009_mubei_summon		骷髅法师墓碑召唤Summon	1200	600	0	0	1	0	0	0	0	0	0	0	1	0	10000	10000	0	0	0	0	10000	0	骷髅法师墓碑召唤Summon		0	0
21009014	18	monster_009_activity_move		活动关卡植物大战僵尸移动	1200	600	0	0	1	0	0	0	0	0	0	0	1	0	10000	10000	0	0	0	0	10000	0	活动关卡植物大战僵尸移动		0	0
22011001	0	monster_boss_011_atk1		精灵射手射箭攻击	900	35	0	0	1	0	0	0	0	0	0	0	1	0	10000	10000	0	0	0	0	10000	0	精灵射手射箭攻击		0	0
22011002	1	monster_boss_011_autoRun		精灵射手后撤射箭	250	35	0	0	1	0	0	0	0	0	0	0	1	0	10000	10000	0	0	0	0	10000	0	精灵射手后撤射箭		0	0
22011003	2	monster_boss_011_skill2		精灵射手满天飞箭技能	900	35	0	0	1	0	0	0	0	0	0	0	1	10000	10000	10000	0	0	0	0	10000	0	精灵射手满天飞箭技能		0	0
22011004	3	monster_boss_011_choose		精灵射手残影移动	500	600	0	0	1	0	0	0	0	0	0	0	1	20000	10000	10000	0	0	0	0	10000	0	精灵射手残影移动		0	0
22011005	4	monster_boss_011_choose_3duan		精灵射手3段残影移动	500	600	0	0	1	0	0	0	0	0	0	0	1	0	10000	10000	0	0	0	0	10000	0	精灵射手3段残影移动		0	0
22011006	10	monster_boss_011_skill3_summon		精灵射手召唤小精灵攻击	1200	600	0	0	1	0	0	0	0	0	0	0	1	0	10000	10000	0	0	0	0	10000	0	精灵射手召唤小精灵攻击		0	0
22011007	6	monster_boss_011_skill1		精灵射手3连射	900	35	0	0	1	0	0	0	0	0	0	0	1	0	10000	10000	0	0	0	0	10000	0	精灵射手3连射		0	0
22011008	11	monster_boss_011_born_0		精灵射手基础出生动画	1200	600	0	0	1	0	0	0	0	0	0	0	1	0	10000	10000	0	0	0	0	10000	0	精灵射手基础出生动画		0	0
22011009	12	monster_boss_011_hurt		精灵射手受击反击50%后撤30%射箭20%残影移动	1200	600	0	0	1	0	0	0	0	0	0	0	1	0	10000	10000	0	0	0	0	10000	0	精灵射手受击反击50%后撤30%射箭20%残影移动		0	0
22011010	13	monster_boss_011_hurt1		精灵射手受击反击50%后撤30%射箭20%残影移动	1200	600	0	0	1	0	0	0	0	0	0	0	1	0	10000	10000	0	0	0	0	10000	0	精灵射手受击反击50%后撤30%射箭20%残影移动		0	0
22011011	14	monster_boss_011_up		精灵射手倒地起身残影移动	1200	600	0	0	1	0	0	0	0	0	0	0	1	0	10000	10000	0	0	0	0	10000	0	精灵射手倒地起身残影移动		0	0
22011012	7	monster_boss_011_skill4		精灵射手大旋风穿甲箭	1200	45	0	0	1	0	0	0	0	0	0	0	1	0	10000	10000	0	0	0	0	10000	0	精灵射手大旋风穿甲箭		0	0
22003001	0	monster_boss_003_atk1		魔化武尊挥砍普攻	200	35	0	0	1	0	0	0	0	0	0	0	1	0	10000	10000	0	0	0	0	10000	0	魔化武尊挥砍普攻		0	0
22003002	1	monster_boss_003_skill1		魔化武尊蓄能一道波技能	750	45	0	0	1	0	0	0	0	0	0	0	1	0	10000	10000	0	0	0	0	10000	0	魔化武尊蓄能一道波技能		0	0
22003003	2	monster_boss_003_skill1_2		魔化武尊蓄能三道波技能	750	600	0	0	1	0	0	0	0	0	0	0	1	0	10000	10000	0	0	0	0	10000	0	魔化武尊蓄能三道波技能		0	0
22003004	3	monster_boss_003_skill2		魔化武尊跳劈技能	1200	40	0	0	1	0	0	0	0	0	0	0	1	0	10000	10000	0	0	0	0	10000	0	魔化武尊跳劈技能		0	0
22003005	10	monster_boss_003_born_0		魔化武尊基础出生动画	1200	600	0	0	1	0	0	0	0	0	0	0	1	0	10000	10000	0	0	0	0	10000	0	魔化武尊基础出生动画		0	0
22003006	11	monster_boss_003_hurt		魔化武尊受击反击95%普攻5%跳劈	1200	600	0	0	1	0	0	0	0	0	0	0	1	0	10000	10000	0	0	0	0	10000	0	魔化武尊受击反击95%普攻5%跳劈		0	0
22003007	12	monster_boss_003_hurt1		魔化武尊受击反击95%普攻5%跳劈	1200	600	0	0	1	0	0	0	0	0	0	0	1	0	10000	10000	0	0	0	0	10000	0	魔化武尊受击反击95%普攻5%跳劈		0	0
22003008	13	monster_boss_003_up		魔化武尊倒地起身定点追踪跳劈	1200	600	0	0	1	0	0	0	0	0	0	0	1	0	10000	10000	0	0	0	0	10000	0	魔化武尊倒地起身定点追踪跳劈		0	0
22003009	14	monster_boss_003_born_1_1		魔化武尊旋转刀再召唤自己出生动画	1200	600	0	0	1	0	0	0	0	0	0	0	1	0	10000	10000	0	0	0	0	10000	0	魔化武尊旋转刀再召唤自己出生动画		0	0
22003010	15	monster_boss_003_born_2		魔化武尊从场景跳进来出生动画	1200	600	0	0	1	0	0	0	0	0	0	0	1	0	10000	10000	0	0	0	0	10000	0	魔化武尊从场景跳进来出生动画		0	0
22003011	16	monster_boss_003_born3_atk1		魔化武尊分身出生动画	1200	600	0	0	1	0	0	0	0	0	0	0	1	0	10000	10000	0	0	0	0	10000	0	魔化武尊分身出生动画		0	0
22003012	17	monster_boss_003_skill3_fenshen		魔化武尊分身	1200	600	0	0	1	0	0	0	0	0	0	0	1	0	10000	10000	0	0	0	0	10000	0	魔化武尊分身		0	0
22003013	18	monster_boss_003_remove		魔化武尊消失	1200	600	0	0	1	0	0	0	0	0	0	0	1	0	10000	10000	0	0	0	0	10000	0	魔化武尊消失		0	0
22003014	19	monster_boss_003_born_1		魔化武尊飞刀旋转入场出生动画	1200	600	0	0	1	0	0	0	0	0	0	0	1	0	10000	10000	0	0	0	0	10000	0	魔化武尊飞刀旋转入场出生动画		0	0
22012001	0	monster_boss_012_atk1		蜘蛛女王挥抓攻击	250	35	0	0	1	0	0	0	0	0	0	0	1	0	10000	10000	0	0	0	0	10000	0	蜘蛛女王挥抓攻击		0	0
22012002	1	monster_boss_012_skill1		蜘蛛女王前爪刺地追踪技能	1200	600	0	0	1	0	0	0	0	0	0	0	1	0	10000	10000	0	0	0	0	10000	0	蜘蛛女王前爪刺地追踪技能		0	0
22012003	2	monster_boss_012_skill2		蜘蛛女王圆形地刺技能	500	100	0	0	1	0	0	0	0	0	0	0	1	0	10000	10000	0	0	0	0	10000	0	蜘蛛女王圆形地刺技能		0	0
22012004	3	monster_boss_012_skill3		蜘蛛女王飞天落地技能 无CD	1200	600	0	0	1	0	0	0	0	0	0	0	1	0	10000	10000	0	0	0	0	10000	0	蜘蛛女王飞天落地技能		0	0
22012005	10	monster_boss_012_born_0		蜘蛛女王基础出生动画	1200	600	0	0	1	0	0	0	0	0	0	0	1	0	10000	10000	0	0	0	0	10000	0	蜘蛛女王基础出生动画		0	0
22012006	4	monster_boss_012_skill3		蜘蛛女王飞天落地技能 有CD	1200	600	0	0	1	0	0	0	0	0	0	0	1	20000	10000	10000	0	0	0	0	10000	0	蜘蛛女王飞天落地技能		0	0
22012007	11	monster_boss_012_born_1		蜘蛛女王基础出生动画落地砸	1200	600	0	0	1	0	0	0	0	0	0	0	1	0	10000	10000	0	0	0	0	10000	0	蜘蛛女王基础出生动画1落地砸		0	0
22007001	0	monster_boss_007_atk1		冰霜女巫旋风攻击	450	35	0	0	1	0	0	0	0	0	0	0	1	0	10000	10000	0	0	0	0	10000	0	冰霜女巫旋风攻击		0	0
22007002	1	monster_boss_007_skill1		冰霜女巫漫天飞雪技能	400	50	0	0	1	0	0	0	0	0	0	0	1	0	10000	10000	0	0	0	0	10000	0	冰霜女巫漫天飞雪技能		0	0
22007003	2	monster_boss_007_skill2		冰霜女巫大冰块技能	900	600	0	0	1	0	0	0	0	0	0	0	1	0	10000	10000	0	0	0	0	10000	0	冰霜女巫大冰块技能		0	0
22007004	10	monster_boss_007_up		冰霜女巫起身冰块	1200	600	0	0	1	0	0	0	0	0	0	0	1	0	10000	10000	0	0	0	0	10000	0	冰霜女巫起身冰块		0	0
22007005	11	monster_boss_007_born_0		冰霜女巫基础出生动画0	1200	600	0	0	1	0	0	0	0	0	0	0	1	0	10000	10000	0	0	0	0	10000	0	冰霜女巫基础出生动画		0	0
22007006	12	monster_boss_007_hurt		冰霜女巫受击反击旋风攻击	1200	600	0	0	1	0	0	0	0	0	0	0	1	0	10000	10000	0	0	0	0	10000	0	冰霜女巫受击反击旋风攻击		0	0
22007007	13	monster_boss_007_hurt1		冰霜女巫受击反击旋风攻击	1200	600	0	0	1	0	0	0	0	0	0	0	1	0	10000	10000	0	0	0	0	10000	0	冰霜女巫受击反击旋风攻击		0	0
22007008	14	monster_boss_007_born_1		冰霜女巫出生动画1	1200	600	0	0	1	0	0	0	0	0	0	0	1	0	10000	10000	0	0	0	0	10000	0	冰霜女巫基础出生动画1		0	0
22007009	15	monster_boss_007_born_2		冰霜女巫出生动画2	1200	600	0	0	1	0	0	0	0	0	0	0	1	0	10000	10000	0	0	0	0	10000	0	冰霜女巫基础出生动画2		0	0
20660001	10	dici_green_idle1		地刺绿普攻	1200	600	0	0	1	0	0	0	0	0	0	0	1	0	10000	10000	0	0	0	0	10000	0	地刺绿普攻		0	0
20670001	10	dici_red_idle1		地刺红普攻	1200	600	0	0	1	0	0	0	0	0	0	0	1	0	10000	10000	0	0	0	0	10000	0	地刺红普攻		0	0
20680001	0	stone_run		滚石	1200	600	0	0	1	0	0	0	0	0	0	0	1	0	10000	10000	0	0	0	0	10000	0	滚石		0	0
20690001	10	bucket_born		木桶	1200	600	0	0	1	0	0	0	0	0	0	0	1	0	10000	10000	0	0	0	0	10000	0	木桶		0	0
20690002	10	jump_bucket_born		小跳桶	1200	600	0	0	1	0	0	0	0	0	0	0	1	0	10000	10000	0	0	0	0	10000	0	木桶		0	0
20690003	10	jump_bucket_born2		大跳桶	1200	600	0	0	1	0	0	0	0	0	0	0	1	0	10000	10000	0	0	0	0	10000	0	木桶		0	0
20690004	10	fast_bucket_born		快速桶	1200	600	0	0	1	0	0	0	0	0	0	0	1	0	10000	10000	0	0	0	0	10000	0	木桶		0	0
20700001	10	trap_box_mubei		机关缔造者放1个墓碑	1200	600	0	0	1	0	0	0	0	0	0	0	1	0	10000	10000	0	0	0	0	10000	0	机关缔造者放1个墓碑		0	0
20700002	11	trap_box_mubeis		机关缔造者放1圈墓碑	1200	600	0	0	1	0	0	0	0	0	0	0	1	0	10000	10000	0	0	0	0	10000	0	机关缔造者放1圈墓碑		0	0
20700003	12	trap_box_mubeiss		机关缔造者放1堆墓碑	1200	600	0	0	1	0	0	0	0	0	0	0	1	0	10000	10000	0	0	0	0	10000	0	机关缔造者放1堆墓碑		0	0
20700004	13	doSummon_trap_box_mubei		墓碑指定坐标	1200	600	0	0	1	0	0	0	0	0	0	0	1	0	10000	10000	0	0	0	0	10000	0	机关缔造者放1个墓碑		0	0
20700005	14	doSummon_trap_box_mubeis		墓碑废弃	1200	600	0	0	1	0	0	0	0	0	0	0	1	0	10000	10000	0	0	0	0	10000	0	机关缔造者放1圈墓碑		0	0
20700006	15	doSummon_trap_box_mubeiss		墓碑随机	1200	600	0	0	1	0	0	0	0	0	0	0	1	0	10000	10000	0	0	0	0	10000	0	机关缔造者放1堆墓碑		0	0
20710001	0	stab_atk		钢铁地刺插屁眼	1200	600	0	0	1	0	0	0	0	0	0	0	1	0	10000	10000	0	0	0	0	10000	0	钢铁地刺插屁眼		0	0
20720001	10	trap_meteorite_born		陨石垂直落下	1200	600	0	0	1	0	0	0	0	0	0	0	1	0	10000	10000	0	0	0	0	10000	0	垂直陨石		0	0
20730001	10	icicle		冰锥落下	1200	600	0	0	1	0	0	0	0	0	0	0	1	0	10000	10000	0	0	0	0	10000	0	冰锥落下		0	0
20740001	10	thunder		闪电	1200	600	0	0	1	0	0	0	0	0	0	0	1	0	10000	10000	0	0	0	0	10000	0	闪电		0	0
20750001	10	leg_born		大脚出生	1200	600	0	0	1	0	0	0	0	0	0	0	1	0	10000	10000	0	0	0	0	10000	0	大脚出生		0	0
20750002	0	leg_atk		大脚攻击	30	30	0	0	1	0	0	0	0	0	0	0	1	0	10000	10000	0	0	0	0	10000	0	大脚攻击		0	0
20750003	1	leg_atk2		大脚快攻	30	30	0	0	1	0	0	0	0	0	0	0	1	0	10000	10000	0	0	0	0	10000	0	大脚攻击		0	0
20760001	0	activity_monster_killer01		死亡穿越杀人不偿命怪	900	900	0	0	1	0	0	0	0	0	0	0	1	0	10000	10000	0	0	0	0	10000	0	死亡穿越杀人不偿命怪		0	0
21007001	0	monster_007_atk1		投掷哥布林技能1扔石头近	700	35	0	0	1	0	0	0	0	0	0	0	1	0	10000	10000	0	0	0	0	10000	0	投掷哥布林技能1扔石头近		0	0
21007002	1	monster_007_atk2		投掷哥布林技能2扔石头远	900	35	0	0	1	0	0	0	0	0	0	0	1	0	10000	10000	0	0	0	0	10000	0	投掷哥布林技能2扔石头远		0	0
21007003	2	monster_007_atk3		投掷哥布林技能3扔石头3颗石头	700	50	0	0	1	0	0	0	0	0	0	0	1	0	10000	10000	0	0	0	0	10000	0	投掷哥布林技能3扔石头3颗石头		0	0
21007004	10	monster_007_born_0		投掷哥布林基础出生动画	1200	600	0	0	1	0	0	0	0	0	0	0	1	0	10000	10000	0	0	0	0	10000	0	投掷哥布林基础出生动画		0	0
21007005	11	monster_007_hurt		投掷哥布林受击反击75%扔1个25%扔3个	1200	600	0	0	1	0	0	0	0	0	0	0	1	0	10000	10000	0	0	0	0	10000	0	投掷哥布林受击反击75%扔1个25%扔3个		0	0
21007006	12	monster_007_hurt1		投掷哥布林受击反击75%扔1个25%扔3个	1200	600	0	0	1	0	0	0	0	0	0	0	1	0	10000	10000	0	0	0	0	10000	0	投掷哥布林受击反击75%扔1个25%扔3个		0	0
21013001	0	monster_013_atk1		骷髅弓箭手射1根箭无火	750	35	0	0	1	0	0	0	0	0	0	0	1	0	10000	10000	0	0	0	0	10000	0	骷髅弓箭手射1根箭无火		0	0
21013002	1	monster_013_atk2		骷髅弓箭手近身挥弓	200	35	0	0	1	0	0	0	0	0	0	0	1	0	10000	10000	0	0	0	0	10000	0	骷髅弓箭手近身挥弓		0	0
21013003	2	monster_013_skill1		骷髅弓箭手3连射越射越近有火	600	35	0	0	1	0	0	0	0	0	0	0	1	0	10000	10000	0	0	0	0	10000	0	骷髅弓箭手3连射越射越近有火		0	0
21013004	3	monster_013_skill2		骷髅弓箭手散射3根箭无火	700	100	0	0	1	0	0	0	0	0	0	0	1	0	10000	10000	0	0	0	0	10000	0	骷髅弓箭手散射3根箭无火		0	0
21013005	4	monster_013_skill3		骷髅弓箭手散射3根箭有火	700	100	0	0	1	0	0	0	0	0	0	0	1	9000	10000	10000	0	0	0	0	10000	0	骷髅弓箭手散射3根箭有火		0	0
21013006	10	monster_013_born_0		骷髅弓箭手基础出生动画	1200	600	0	0	1	0	0	0	0	0	0	0	1	0	10000	10000	0	0	0	0	10000	0	骷髅弓箭手基础出生动画		0	0
21013007	11	monster_013_hurt		骷髅弓箭手受击反击近身挥弓远程75%射一根25%散射	1200	600	0	0	1	0	0	0	0	0	0	0	1	0	10000	10000	0	0	0	0	10000	0	骷髅弓箭手受击反击近身挥弓远程75%射一根25%散射		0	0
21013008	12	monster_013_hurt1		骷髅弓箭手受击反击近身挥弓远程75%射一根25%散射	1200	600	0	0	1	0	0	0	0	0	0	0	1	0	10000	10000	0	0	0	0	10000	0	骷髅弓箭手受击反击近身挥弓远程75%射一根25%散射		0	0
21013009	5	monster_013_skill1_super		骷髅弓箭手3连射越射越近有火	600	600	0	0	1	0	0	0	0	0	0	0	1	0	10000	10000	0	0	0	0	10000	0	骷髅弓箭手3连射越射越近有火		0	0
21013010	6	monster_013_skill1_1		骷髅弓箭手3连射越射越近无火	600	600	0	0	1	0	0	0	0	0	0	0	1	0	10000	10000	0	0	0	0	10000	0	骷髅弓箭手3连射越射越近无火		0	0
22004001	0	monster_boss_004_atk1		牛头首领组合拳	200	40	0	0	1	0	0	0	0	0	0	0	1	0	10000	10000	0	0	0	0	10000	0	牛头首领组合拳		0	0
22004002	1	monster_boss_004_atk2		牛头首领疯狂连续组合拳	200	40	0	0	1	0	0	0	0	0	0	0	1	0	10000	10000	0	0	0	0	10000	0	牛头首领疯狂连续组合拳		0	0
22004003	2	monster_boss_004_skill1		牛头首领野蛮冲撞	1200	600	0	0	1	0	0	0	0	0	0	0	1	0	10000	10000	0	0	0	0	10000	0	牛头首领野蛮冲撞		0	0
22004004	3	monster_boss_004_skill2_boxing		牛头首领冲击组合拳	450	40	0	0	1	0	0	0	0	0	0	0	1	0	10000	10000	0	0	0	0	10000	0	牛头首领冲击组合拳		0	0
22004005	10	monster_boss_004_born_0		牛头出生动画	1200	600	0	0	1	0	0	0	0	0	0	0	1	0	10000	10000	0	0	0	0	10000	0	牛头首领出生动画		0	0
22004006	4	monster_boss_004_skill3		牛头前抛扔桶（可当普通技能）	600	40	0	0	1	0	0	0	0	0	0	0	1	0	10000	10000	0	0	0	0	10000	0	牛头前抛扔桶（可当普通技能）		0	0
22004007	5	monster_boss_004_throwBucket		牛头高抛扔桶（可当普通技能）	1200	600	0	0	1	0	0	0	0	0	0	0	1	0	10000	10000	0	0	0	0	10000	0	牛头高抛扔桶（可当普通技能）		0	0
22004008	11	monster_boss_004_hurt		牛头反击技	1200	600	0	0	1	0	0	0	0	0	0	0	1	0	10000	10000	0	0	0	0	10000	0	牛头反击技		0	0
22004009	12	monster_boss_004_hurt1		牛头反击技	1200	600	0	0	1	0	0	0	0	0	0	0	1	0	10000	10000	0	0	0	0	10000	0	牛头反击技		0	0
22004010	13	monster_boss_004_up		牛头起身技	1200	600	0	0	1	0	0	0	0	0	0	0	1	0	10000	10000	0	0	0	0	10000	0	牛头起身技		0	0
22004011	14	monster_boss_004_rage		牛头首领狂暴跑墙角扔桶	1200	600	0	0	1	0	0	0	0	0	0	0	1	0	10000	10000	0	0	0	0	10000	0	牛头首领狂暴跑墙角扔桶		0	0
21008001	0	monster_008_atk1		普通牛头普通1	200	600	0	0	1	0	0	0	0	0	0	0	1	0	10000	10000	0	0	0	0	10000	0	普通牛头普通1		0	0
21008002	1	monster_008_atk2		普通牛头冲撞	600	600	0	0	1	0	0	0	0	0	0	0	1	0	10000	10000	0	0	0	0	10000	0	普通牛头冲撞		0	0
21008003	2	monster_008_atk3		普通牛头飞天地裂拳	400	600	0	0	1	0	0	0	0	0	0	0	1	0	10000	10000	0	0	0	0	10000	0	普通牛头飞天地裂拳		0	0
21008004	10	monster_008_born_0		普通牛头基础出生动画法阵	1200	600	0	0	1	0	0	0	0	0	0	0	1	0	10000	10000	0	0	0	0	10000	0	普通牛头基础出生动画法阵		0	0
21008005	11	monster_008_hurt		普通牛头反击技	1200	600	0	0	1	0	0	0	0	0	0	0	1	0	10000	10000	0	0	0	0	10000	0	普通牛头反击技		0	0
21008006	12	monster_008_hurt		普通牛头反击技	1200	600	0	0	1	0	0	0	0	0	0	0	1	0	10000	10000	0	0	0	0	10000	0	普通牛头反击技		0	0
21008007	13	monster_008_up		普通牛头起身技	1200	600	0	0	1	0	0	0	0	0	0	0	1	0	10000	10000	0	0	0	0	10000	0	普通牛头起身技		0	0
21008008	14	monster_008_dash		普通牛头冲锋（作为出生动画）	1200	600	0	0	1	0	0	0	0	0	0	0	1	0	10000	10000	0	0	0	0	10000	0	普通牛头冲锋		0	0
21010001	0	monster_010_atk1		炸弹哥布林普通攻击	550	35	0	0	1	0	0	0	0	0	0	0	1	0	10000	10000	0	0	0	0	10000	0	炸弹哥布林		0	0
21010002	1	monster_010_atk2		炸弹哥布林技能	550	35	0	0	1	0	0	0	0	0	0	0	1	0	10000	10000	0	0	0	0	10000	0	炸弹哥布林		0	0
21010003	10	monster_011_up		炸弹哥布林起身技	550	50	0	0	1	0	0	0	0	0	0	0	1	0	10000	10000	0	0	0	0	10000	0	炸弹哥布林		0	0
21010004	11	monster_010_hurt		炸弹哥布林反击技	1200	600	0	0	1	0	0	0	0	0	0	0	1	0	10000	10000	0	0	0	0	10000	0	炸弹哥布林		0	0
21010005	12	monster_010_hurt1		炸弹哥布林反击技	1200	600	0	0	1	0	0	0	0	0	0	0	1	0	10000	10000	0	0	0	0	10000	0	炸弹哥布林		0	0
21010006	13	monster_010_born_0		炸弹哥布林出生动画	1200	600	0	0	1	0	0	0	0	0	0	0	1	0	10000	10000	0	0	0	0	10000	0	炸弹哥布林		0	0
21010007	14	monster_010_down_die		炸弹哥布林死亡	1200	600	0	0	1	0	0	0	0	0	0	0	1	0	10000	10000	0	0	0	0	10000	0	炸弹哥布林		0	0
21010008	3	monster_010_atk3		炸弹哥布林大炸弹	700	35	0	0	1	0	0	0	0	0	0	0	1	0	10000	10000	0	0	0	0	10000	0	炸弹哥布林		0	0
21019001	0	monster_019_atk1		火焰人踢腿普攻	190	35	0	0	1	0	0	0	0	0	0	0	1	0	10000	10000	0	0	0	0	10000	0	火焰人踢腿普攻		0	0
21019002	1	monster_019_skill1		火焰人技能一闪抓取	430	40	0	0	1	0	0	0	0	0	0	0	1	0	10000	10000	0	0	0	0	10000	0	火焰人技能一闪抓取		0	0
21019003	10	monster_019_born		火焰人普通出生	1200	600	0	0	1	0	0	0	0	0	0	0	1	0	10000	10000	0	0	0	0	10000	0	火焰人普通出生		0	0
21019004	11	monster_019_hurt		火焰人反击技	1200	600	0	0	1	0	0	0	0	0	0	0	1	0	10000	10000	0	0	0	0	10000	0	火焰人反击技		0	0
21019005	12	monster_019_hurt1		火焰人反击技	1200	600	0	0	1	0	0	0	0	0	0	0	1	0	10000	10000	0	0	0	0	10000	0	火焰人反击技		0	0
21019006	13	monster_019_up		火焰人起身技	1200	600	0	0	1	0	0	0	0	0	0	0	1	0	10000	10000	0	0	0	0	10000	0	火焰人起身技		0	0
21014001	0	monster_014_atk1		飞龙小火球	600	35	0	0	1	0	0	0	0	0	0	0	1	0	10000	10000	0	0	0	0	10000	0	飞龙小火球		0	0
21014002	11	monster_014_skill1		飞龙吐息	1200	600	0	0	1	0	0	0	0	0	0	0	1	0	10000	10000	0	0	0	0	10000	0	飞龙吐息		0	0
21014003	2	monster_014_catch		飞龙抓取	1200	100	0	0	1	0	0	0	0	0	0	0	1	0	10000	10000	0	0	0	0	10000	0	飞龙抓取		0	0
21014004	10	monster_014_born		飞龙出生	1200	600	0	0	1	0	0	0	0	0	0	0	1	0	10000	10000	0	0	0	0	10000	0	飞龙出生		0	0
21014005	3	monster_014_AutoRun		飞龙乱飞	1200	600	0	0	1	0	0	0	0	0	0	0	1	0	10000	10000	0	0	0	0	10000	0	飞龙出生		0	0
21006001	0	monster_006_atkStart		野猪冲撞	960	600	0	0	1	0	0	0	0	0	0	0	1	0	10000	10000	0	0	0	0	10000	0	野猪冲撞		0	0
21006002	10	monster_006_born		野猪出生	1200	600	0	0	1	0	0	0	0	0	0	0	1	0	10000	10000	0	0	0	0	10000	0	野猪出生		0	0
23009001	0	card_009_atk1		鸾若音尘普通1	900	30	0	0	1	0	0	0	0	0	0	0	1	0	10000	10000	0	0	0	0	10000	0	鸾若音尘普通1		0	0
23009002	1	card_009_skill1_2		鸾若音尘技能2冰墙	900	50	0	0	1	0	0	0	0	0	0	0	1	0	10000	10000	0	0	0	0	10000	0	鸾若音尘技能2冰墙		0	0
23009003	2	card_009_skill2_2		鸾若音尘普通3火球	900	30	0	0	1	0	0	0	0	0	0	0	1	0	10000	10000	0	0	0	0	10000	0	鸾若音尘普通3火球		0	0
23009004	3	card_009_skill3_2		鸾若音尘普通4跟踪闪电	900	600	0	0	1	0	0	0	0	0	0	0	1	0	10000	10000	0	0	0	0	10000	0	鸾若音尘普通4跟踪闪电		0	0
23009005	10	card_009_born_0		鸾若音尘出生	1200	600	0	0	1	0	0	0	0	0	0	0	1	0	10000	10000	0	0	0	0	10000	0	鸾若音尘出生		0	0
21017001	0	monster_017_atk1		幽灵攻击1	200	35	0	0	1	0	0	0	0	0	0	0	1	0	10000	10000	0	0	0	0	10000	0	幽灵用手向前2段挥击		0	0
21017002	1	monster_017_atk2		幽灵攻击2	400	45	0	0	1	0	0	0	0	0	0	0	1	0	10000	10000	0	0	0	0	10000	0	幽灵体型变大，向前扑击		0	0
21017003	2	monster_017_atk3		幽灵远程攻击	500	40	0	0	1	0	0	0	0	0	0	0	1	0	10000	10000	0	0	0	0	10000	0	幽灵体型变大，向前扑击		0	0
90004001	1	dazzle_light_skill1		光炫纹技能1	550	50	0	0	1	0	0	0	0	0	0	0	1	30	10000	10000	0	0	0	0	10000	0	光炫纹技能1		0	0
90004002	2	dazzle_light_skill1		光炫纹技能2	550	50	0	0	1	0	0	0	0	0	0	0	1	30	10000	10000	0	0	0	0	10000	0	光炫纹技能2		0	0
90004003	3	dazzle_light_skill1		光炫纹技能3	550	50	0	0	1	0	0	0	0	0	0	0	1	30	10000	10000	0	0	0	0	10000	0	光炫纹技能3		0	0
90004004	4	dazzle_light_skill1		光炫纹技能4	550	50	0	0	1	0	0	0	0	0	0	0	1	30	10000	10000	0	0	0	0	10000	0	光炫纹技能4		0	0
90004005	5	dazzle_light_skill1		光炫纹技能5	550	50	0	0	1	0	0	0	0	0	0	0	1	30	10000	10000	0	0	0	0	10000	0	光炫纹技能5		0	0
22013001	0	monster_boss_013_atk1		流浪剑客普通攻击	200	50	0	0	1	0	0	0	0	0	0	0	1	0	10000	10000	0	0	0	0	10000	0	流浪剑客普通攻击		0	0
22013002	1	monster_boss_013_skill1		流浪剑客技能1	600	200	0	0	1	0	0	0	0	0	0	0	1	0	10000	10000	0	0	0	0	10000	0	流浪剑客技能！，聚集剑气释放小范围砸地攻击		0	0
22013003	2	monster_boss_013_skill_tiao		流浪剑客技能2	1200	300	0	0	1	0	0	0	0	0	0	0	1	0	10000	10000	0	0	0	0	10000	0	流浪剑客2释放石柱直线攻击敌人，带击飞破霸体		0	0
22013004	3	monster_boss_013_skill3		流浪剑客技能3	1200	600	0	0	1	0	0	0	0	0	0	0	1	0	10000	10000	0	0	0	0	10000	0	流浪剑客技能3全屏攻击		0	0
22013005	4	monster_boss_013_skill4_zizhi		流浪剑客技能4	1200	150	0	0	1	0	0	0	0	0	0	0	1	0	10000	10000	0	0	0	0	10000	0	快速突进到目标身前攻击		0	0
22013006	5	monster_boss_013_skill5_zizhi		流浪剑客技能5	600	100	0	0	1	0	0	0	0	0	0	0	1	0	10000	10000	0	0	0	0	10000	0	向前用剑气攻击		0	0
22013007	6	monster_boss_013_skill6_zizhi		流浪剑客技能6	900	400	0	0	1	0	0	0	0	0	0	0	1	0	10000	10000	0	0	0	0	10000	0	自身小范围内随机攻击敌人！自身无法被选取！		0	0
23010001	0	card_007_atk		寒烟柔普攻	250	35	0	0	1	0	0	0	0	0	0	0	1	0	10000	10000	0	0	0	0	10000	0	寒烟柔普攻		0	0
23010002	1	card_007_skill1		强龙压	350	35	0	0	1	0	0	0	0	0	0	0	1	0	10000	10000	0	0	0	0	10000	0	[txt:size=18 color=white]轰击地面，将敌人击倒。		0	0
23010003	2	card_007_skill2		百龙流星打	500	35	0	0	1	0	0	0	0	0	0	0	1	0	10000	10000	0	0	0	0	10000	0	[txt:size=18 color=white]巨大的战矛刺穿敌人。		0	0
23010004	3	card_007_skill3		豪龙破军	200	40	0	0	1	0	0	0	0	0	0	0	1	0	10000	10000	0	0	0	0	10000	0	[txt:size=18 color=white]抡起战矛攻击敌人。		0	0
23011001	0	card_003_atk1_Ai		战斗法师小伙伴普攻	350	35	0	0	1	0	0	0	0	0	0	0	1	0	10000	10000	0	0	0	0	10000	0	战斗法师小伙伴普攻		0	0
23011002	1	card_003_skill1		付龙翔天	700	35	0	0	1	0	0	0	0	0	0	0	1	0	10000	10000	0	0	0	0	10000	0	[txt:size=18 color=white]一条火龙从地下窜出攻击敌人。		0	0
23011003	2	card_003_skill2_1		怒龙穿心破	700	35	0	0	1	0	0	0	0	0	0	0	1	0	10000	10000	0	0	0	0	10000	0	[txt:size=18 color=white]快速向前移动身体，利用身体产生的旋风攻击敌人。		0	0
23011004	3	card_003_skill3		蛟龙出海	500	35	0	0	1	0	0	0	0	0	0	0	1	0	10000	10000	0	0	0	0	10000	0	[txt:size=18 color=white]巨大的风火轮向前滚动，长时间攻击敌人。[r]造成[txt:size=18 color=green]119.1%+21600[txt:size=18 color=white]点物理伤害；		0	0
23012001	0	card_006_atk1_Ai		飞刀剑普攻	225	35	0	0	1	0	0	0	0	0	0	0	1	0	10000	10000	0	0	0	0	10000	0	飞刀剑普攻		0	0
23012002	1	card_006_skill1		冲刺撞击	380	35	0	0	1	0	0	0	0	0	0	0	1	0	10000	10000	0	0	0	0	10000	0	[txt:size=18 color=white]向前使出迅猛的连续剑击，刺穿敌人。		0	0
23012003	2	card_006_skill2		瞬影斩击	750	35	0	0	1	0	0	0	0	0	0	0	1	0	10000	10000	0	0	0	0	10000	0	[txt:size=18 color=white]射出剑气击穿敌人。		0	0
23012004	3	card_006_skill3		幻影极光斩	250	35	0	0	1	0	0	0	0	0	0	0	1	0	10000	10000	0	0	0	0	10000	0	[txt:size=18 color=white]旋转身体释放剑气攻击目标敌人。		0	0
23013001	0	card_001_atk1_monster		魔剑士小伙伴普攻	250	35	0	0	1	0	0	0	0	0	0	0	1	0	10000	10000	0	0	0	0	10000	0	魔剑士小伙伴普攻		0	0
23013002	1	card_001_skill4		回身斩	350	35	0	0	1	0	0	0	0	0	0	0	1	0	10000	10000	0	0	0	0	10000	0	[txt:size=18 color=white]原地转身发动攻击，劈中敌人并将其击飞。		0	0
23013003	2	card_001_skill3		冲刺撞击	400	35	0	0	1	0	0	0	0	0	0	0	1	0	10000	10000	0	0	0	0	10000	0	[txt:size=18 color=white]冲撞敌人后单手挥剑上挑，使其浮空。		0	0
23013004	3	card_001_skill5		裂波破空斩	400	35	0	0	1	0	0	0	0	0	0	0	1	0	10000	10000	0	0	0	0	10000	0	[txt:size=18 color=white]原地发动斩击并爆出锋利的剑气转轮，持续对正前方敌人造成伤害。		0	0
23013005	1	card_001_skill8		血之怒斩	300	35	0	0	1	0	0	0	0	0	0	0	1	0	10000	10000	0	0	0	0	10000	0	[txt:size=18 color=white]挥剑垂直斩击地面，同时剑身上爆发出血气波产生裂地效果，冲击周围敌人。		0	0
23013006	3	card_001_skill7		剑气	300	35	0	0	1	0	0	0	0	0	0	0	1	0	10000	10000	0	0	0	0	10000	0	释放剑气		0	0
23014001	0	card_002_atk1_monster		神枪手小伙伴普攻	550	35	0	0	1	0	0	0	0	0	0	0	1	0	10000	10000	0	0	0	0	10000	0	神枪手小伙伴普攻		0	0
23014002	1	card_002_skill1		乱射	275	35	0	0	1	0	0	0	0	0	0	0	1	0	10000	10000	0	0	0	0	10000	0	乱射		0	0
23014003	2	card_002_skill2		回旋倒踢	400	35	0	0	1	0	0	0	0	0	0	0	1	0	10000	10000	0	0	0	0	10000	0	[txt:size=18 color=white]倒立并快速旋转身体，利用倒旋的双腿踢击周围敌人。		0	0
23014004	3	card_002_skill4		浮空一枪	275	35	0	0	1	0	0	0	0	0	0	0	1	0	10000	10000	0	0	0	0	10000	0	[txt:size=18 color=white]向敌人脚下发射一颗子弹，反弹后击中目标并将其击飞。		0	0
23014005	1	card_002_skill3		飞枪反击	500	35	0	0	1	0	0	0	0	0	0	0	1	0	10000	10000	0	0	0	0	10000	0	[txt:size=18 color=white]将手枪投掷出去，向前笔直飞行击中敌人后原路返回。		0	0
23015001	0	card_012_atk1_AiSkill		再水一夏普攻	225	35	0	0	1	0	0	0	0	0	0	0	1	0	10000	10000	0	0	0	0	10000	0	再水一夏普攻		0	0
23015002	1	card_012_skill1		旋风斩	280	35	0	0	1	0	0	0	0	0	0	0	1	0	10000	10000	0	0	0	0	10000	0	[txt:size=18 color=white]挥刀快速旋转		0	0
23015003	2	card_012_skill2		血影狂刀	620	35	0	0	1	0	0	0	0	0	0	0	1	0	10000	10000	0	0	0	0	10000	0	[txt:size=18 color=white]挥动武器斩击敌人使其浮空，继续向空中的敌人发动攻击并将其击飞。		0	0
23015004	3	card_012_skill3		噬魂血手	425	35	0	0	1	0	0	0	0	0	0	0	1	0	10000	10000	0	0	0	0	10000	0	[txt:size=19 color=white]释放血气将敌人吸附到身前，造成伤害后弹飞。		0	0
23016001	0	card_013_atk1_ai		气冲云水普攻	200	35	32	0	1	0	0	0	0	0	0	0	1	0	10000	10000	0	0	0	0	10000	0	气冲云水普攻		0	0
23016002	1	card_013_skill01		轰天炮	200	35	32	0	1	0	0	0	0	0	0	0	1	0	10000	10000	0	0	0	0	10000	0	[txt:size=18 color=white]向前发出强力压缩后的气波弹，对敌人造成伤害。		0	0
23016003	2	card_013_skill02_01		念气漩涡	200	35	32	0	1	0	0	0	0	0	0	0	1	0	10000	10000	0	0	0	0	10000	0	[txt:size=18 color=white]用念气制造一个漩涡向前推动，并在途中造成爆炸。		0	0
23016004	3	card_013_skill03_01		狂虎啸龙拳	200	35	32	0	1	0	0	0	0	0	0	0	1	0	10000	10000	0	0	0	0	10000	0	[txt:size=18 color=white]迅速的打出念气，有龙虎咆哮之力。		0	0
50001001	10	huoqiu_1		1颗陨石无限循环垂直落下	1200	600	0	0	1	0	0	0	0	0	0	0	1	0	10000	10000	0	0	0	0	10000	0	1颗陨石无限循环垂直落下		0	0
50001002	10	huoqiu_5		每4秒落下5颗陨石垂直落下	1200	600	0	0	1	0	0	0	0	0	0	0	1	0	10000	10000	0	0	0	0	10000	0	每4秒落下5颗陨石垂直落下		0	0
50001003	10	huoqiu_30		一大波陨石垂直落下	1200	600	0	0	1	0	0	0	0	0	0	0	1	0	10000	10000	0	0	0	0	10000	0	一大波陨石垂直落下		0	0
50002001	10	bing_1		1颗冰锥无限循环垂直落下	1200	600	0	0	1	0	0	0	0	0	0	0	1	0	10000	10000	0	0	0	0	10000	0	1颗冰锥无限循环垂直落下		0	0
50002002	10	bing_5		每4秒落下5颗冰锥垂直落下	1200	600	0	0	1	0	0	0	0	0	0	0	1	0	10000	10000	0	0	0	0	10000	0	每4秒落下5颗冰锥垂直落下		0	0
50002003	10	bing_30		一大波冰锥垂直落下	1200	600	0	0	1	0	0	0	0	0	0	0	1	0	10000	10000	0	0	0	0	10000	0	一大波冰锥垂直落下		0	0
50003001	10	shandian_1		1颗雷电无限循环垂直落下	1200	600	0	0	1	0	0	0	0	0	0	0	1	0	10000	10000	0	0	0	0	10000	0	1颗雷电无限循环垂直落下		0	0
50003002	10	shandian_5		每4秒落下5颗雷电垂直落下	1200	600	0	0	1	0	0	0	0	0	0	0	1	0	10000	10000	0	0	0	0	10000	0	每4秒落下5颗雷电垂直落下		0	0
50003003	10	shandian_30		一大波雷电垂直落下	1200	600	0	0	1	0	0	0	0	0	0	0	1	0	10000	10000	0	0	0	0	10000	0	一大波雷电垂直落下		0	0
22015001	0	monster_boss_006_atk1		火焰女巫普通攻击一道龙卷风	1200	600	0	0	1	0	0	0	0	0	0	0	1	0	10000	10000	0	0	0	0	10000	0	火焰女巫普通攻击一道火龙卷		0	0
22015002	1	monster_boss_006_skill1		火焰女巫三道火龙卷	1200	600	0	0	1	0	0	0	0	0	0	0	1	0	10000	10000	0	0	0	0	10000	0	火焰女巫三道火龙卷		0	0
22015003	2	monster_boss_006_skill2		火焰女巫天降陨石	1200	600	0	0	1	0	0	0	0	0	0	0	1	0	10000	10000	0	0	0	0	10000	0	火焰女巫天降陨石		0	0
22014001	0	monster_boss_014_atk1		老鹰普通攻击1	1200	35	0	0	1	0	0	0	0	0	0	0	1	0	10000	10000	0	0	0	0	10000	0	老鹰俯冲向敌人抓取攻击		0	0
22014002	1	monster_boss_014_atk2		老鹰普通攻击2	1200	35	0	0	1	0	0	0	0	0	0	0	1	0	10000	10000	0	0	0	0	10000	0	老鹰俯冲敌人撞击敌人		0	0
22014003	2	monster_boss_014_atk3		老鹰普通攻击3	1200	35	0	0	1	0	0	0	0	0	0	0	1	0	10000	10000	0	0	0	0	10000	0	老鹰用翅膀扇风		0	0
20790001	0	trap_fireDragon_atk1		火龙吐火	1200	600	0	0	1	0	0	0	0	0	0	0	1	0	10000	10000	0	0	0	0	10000	0	一个机关龙向前喷火		0	0
21015001	0	monster_015_atk1		哥布林商人近战	200	35	0	0	1	0	0	0	0	0	0	0	1	0	10000	10000	0	0	0	0	10000	0	老鹰用翅膀扇风		0	0
21015002	1	monster_015_skill01		哥布林商人扔3把伞	200	35	0	0	1	0	0	0	0	0	0	0	1	0	10000	10000	0	0	0	0	10000	0	老鹰用翅膀扇风		0	0
21015003	2	monster_015_skill02		哥布林商人sin曲线伞	200	35	0	0	1	0	0	0	0	0	0	0	1	0	10000	10000	0	0	0	0	10000	0	老鹰用翅膀扇风		0	0
21015004	3	monster_015_skill03		哥布林商人跑着扔炸弹	200	35	0	0	1	0	0	0	0	0	0	0	1	0	10000	10000	0	0	0	0	10000	0	老鹰用翅膀扇风		0	0
21008009	14	monster_008_dash_die		普通牛头冲锋后死亡（作为出生动画）	1200	600	0	0	1	0	0	0	0	0	0	0	1	0	10000	10000	0	0	0	0	10000	0	普通牛头冲锋		0	0
21018001	0	monster_018_atk1		哥布林精英平砍	200	35	0	0	1	0	0	0	0	0	0	0	1	0	10000	10000	0	0	0	0	10000	0	老鹰用翅膀扇风		0	0
21018002	1	monster_018_atk2		哥布林精英突刺	200	35	0	0	1	0	0	0	0	0	0	0	1	0	10000	10000	0	0	0	0	10000	0	老鹰用翅膀扇风		0	0
21018003	2	monster_018_skill01		哥布林精英残影斩	200	35	0	0	1	0	0	0	0	0	0	0	1	0	10000	10000	0	0	0	0	10000	0	老鹰用翅膀扇风		0	0
21018004	3	monster_018_skill02		哥布林精英瞬身刺	200	35	0	0	1	0	0	0	0	0	0	0	1	0	10000	10000	0	0	0	0	10000	0	老鹰用翅膀扇风		0	0
22010001	0	monster_boss_010_atk		血枪手普攻	450	35	0	0	1	0	0	0	0	0	0	0	1	0	10000	10000	0	0	0	0	10000	0	连续普通射击		0	0
22010002	1	monster_boss_010_skill1		血枪手乱射	430	40	0	0	1	0	0	0	0	0	0	0	1	0	10000	10000	0	0	0	0	10000	0	乱射		0	0
22010003	2	monster_boss_010_skill2		血枪手尼尔狙击	960	600	0	0	1	0	0	0	0	0	0	0	1	0	10000	10000	0	0	0	0	10000	0	全屏进行狙击		0	0
22010004	3	monster_boss_010_skill3_1		血枪手血之战队	800	600	0	0	1	0	0	0	0	0	0	0	1	0	10000	10000	0	0	0	0	10000	0	召唤4个残影		0	0
21018005	10	monster_018_hurt		哥布林精英反击霸体	200	35	0	0	1	0	0	0	0	0	0	0	1	0	10000	10000	0	0	0	0	10000	0			0	0
21018006	11	monster_018_hurt1		哥布林精英反击霸体	200	35	0	0	1	0	0	0	0	0	0	0	1	0	10000	10000	0	0	0	0	10000	0			0	0
21001101	10	monster_001_hurt_red		红色哥布林抡锤子攻击反击	180	35	0	0	1	0	0	0	0	0	0	0	1	0	10000	10000	0	0	0	0	10000	0	哥布林抡锤子攻击		0	0
21001102	11	monster_001_hurt1_red		红色哥布林抡锤子攻击反击	180	35	0	0	1	0	0	0	0	0	0	0	1	0	10000	10000	0	0	0	0	10000	0	哥布林抡锤子攻击		0	0
21001103	12	monster_001_hurt_blue		蓝色色哥布林抡锤子攻击反击	180	35	0	0	1	0	0	0	0	0	0	0	1	0	10000	10000	0	0	0	0	10000	0	哥布林抡锤子攻击		0	0
21001104	13	monster_001_hurt1_blue		蓝色色哥布林抡锤子攻击反击	180	35	0	0	1	0	0	0	0	0	0	0	1	0	10000	10000	0	0	0	0	10000	0	哥布林抡锤子攻击		0	0
21001201	5	monster_001_atk1_non		普通哥布林抡锤三连击	180	35	0	0	1	0	0	0	0	0	0	0	1	0	10000	10000	0	0	0	0	10000	0	哥布林抡锤子攻击		0	0
21001202	5	monster_001_atk1_yellow_3l		黄色哥布林抡锤三连击	180	35	0	0	1	0	0	0	0	0	0	0	1	0	10000	10000	0	0	0	0	10000	0	哥布林抡锤子攻击		0	0
21001203	5	monster_001_atk1_red_3l		红色哥布林抡锤三连击	180	35	0	0	1	0	0	0	0	0	0	0	1	0	10000	10000	0	0	0	0	10000	0	哥布林抡锤子攻击		0	0
21001204	5	monster_001_atk1_naked_3l		裸体哥布林抡锤三连击	180	35	0	0	1	0	0	0	0	0	0	0	1	0	10000	10000	0	0	0	0	10000	0	哥布林抡锤子攻击		0	0
21001205	5	monster_001_atk1_blue_3l		蓝色哥布林抡锤三连击	180	35	0	0	1	0	0	0	0	0	0	0	1	0	10000	10000	0	0	0	0	10000	0	哥布林抡锤子攻击		0	0
21031001	0	monster_boss_016_atk		树人boss普攻	1200	200	0	0	1	0	0	0	0	0	0	0	1	0	10000	10000	0	0	0	0	10000	0	向前突进攻击		0	0
21031002	1	monster_boss_016_atk2		树人boss普攻2上下位移	1200	200	0	0	1	0	0	0	0	0	0	0	1	0	10000	10000	0	0	0	0	10000	0	向前方上下突进攻击		0	0
21031003	2	monster_boss_016_skill1		树人boss技能飞天刺	1200	200	0	0	1	0	0	0	0	0	0	0	1	0	10000	10000	0	0	0	0	10000	0	飞天从目标头顶攻击		0	0
21031004	10	monster_boss_016_born		树人boss出生技能	1200	200	0	0	1	0	0	0	0	0	0	0	1	0	10000	10000	0	0	0	0	10000	0	出生向前突进攻击		0	0
21001105	10	monster_001_hurt_naked		裸体哥布林抡锤子攻击反击	180	35	0	0	1	0	0	0	0	0	0	0	1	0	10000	10000	0	0	0	0	10000	0	哥布林抡锤子攻击		0	0
21001106	11	monster_001_hurt1_naked		裸体哥布林抡锤子攻击反击	180	35	0	0	1	0	0	0	0	0	0	0	1	0	10000	10000	0	0	0	0	10000	0	哥布林抡锤子攻击		0	0
21001107	12	monster_001_hurt_non		哥布林抡锤子攻击反击	180	35	0	0	1	0	0	0	0	0	0	0	1	0	10000	10000	0	0	0	0	10000	0	哥布林抡锤子攻击		0	0
21001108	13	monster_001_hurt1_non		哥布林抡锤子攻击反击	180	35	0	0	1	0	0	0	0	0	0	0	1	0	10000	10000	0	0	0	0	10000	0	哥布林抡锤子攻击		0	0
21015005	10	monster_015_hurt		哥布林商人霸体反击技能	200	35	0	0	1	0	0	0	0	0	0	0	1	0	10000	10000	0	0	0	0	10000	0	哥布林商人反击技能		0	0
21015006	11	monster_015_hurt1		哥布林商人霸体反击技能	200	35	0	0	1	0	0	0	0	0	0	0	1	0	10000	10000	0	0	0	0	10000	0	哥布林商人反击技能		0	0
21006003	1	monster_006_runAtk1		野猪冲撞增强版	960	600	0	0	1	0	0	0	0	0	0	0	1	0	10000	10000	0	0	0	0	10000	0	野猪冲撞		0	0
21017004	10	monster_017_hurt		幽灵反击攻击1	200	35	0	0	1	0	0	0	0	0	0	0	1	0	10000	10000	0	0	0	0	10000	0	幽灵用手向前2段挥击		0	0
21017005	11	monster_017_hurt1		幽灵反击攻击1	200	35	0	0	1	0	0	0	0	0	0	0	1	0	10000	10000	0	0	0	0	10000	0	幽灵用手向前2段挥击		0	0
23008001	0	card_008_atk1_ai		包子入侵普攻	200	35	0	0	1	0	0	0	0	0	0	0	1	0	10000	10000	0	0	0	0	10000	0	包子入侵普攻		0	0
23008002	1	card_008_skill1		包子技能1天网风暴	300	35	0	0	0	0	0	0	0	0	0	0	0	0	10000	10000	0	0	0	0	10000	0	[txt:size=18 color=white]挥舞绑着搬砖的铁链攻击周围敌人。		0	0
23008003	2	card_008_skill2		包子致命打击	250	35	0	0	0	0	0	0	0	0	0	0	0	0	10000	10000	0	0	0	0	10000	0	[txt:size=18 color=white]挥动武器攻击前方的敌人		0	0
23008004	3	card_008_skill3		包子死亡之舞	350	35	0	0	0	0	0	0	0	0	0	0	0	0	10000	10000	0	0	0	0	10000	0	[txt:size=18 color=white]挥舞武器对前方的敌人造成多次的伤害。		0	0
23017001	0	card_016_atk1_monster		战斗法师AI普攻	350	50	0	0	1	0	0	0	0	0	0	0	1	0	10000	10000	0	0	0	0	10000	0	战斗法师AI普攻		0	0
23017002	1	card_016_skill1		裂空矛	280	50	0	0	1	0	0	0	0	0	0	0	1	0	10000	10000	0	0	0	0	10000	0	裂空矛		0	0
23017003	2	card_016_skill2		战法技能2	620	50	0	0	1	0	0	0	0	0	0	0	1	0	10000	10000	0	0	0	0	10000	0	战法技能2		0	0
23017004	3	card_016_skill3		战法技能3	620	50	0	0	1	0	0	0	0	0	0	0	1	0	10000	10000	0	0	0	0	10000	0	战法技能3		0	0
23017005	4	card_016_skill4		战法技能4	620	50	0	0	1	0	0	0	0	0	0	0	1	0	10000	10000	0	0	0	0	10000	0	战法技能4		0	0
23017006	5	card_016_skill5		战法技能5	620	50	0	0	1	0	0	0	0	0	0	0	1	0	10000	10000	0	0	0	0	10000	0	战法技能5		0	0
23017007	6	card_016_skill6		战法技能6	620	50	0	0	1	0	0	0	0	0	0	0	1	0	10000	10000	0	0	0	0	10000	0	战法技能6		0	0
23017008	7	card_016_skill7		战法技能7	620	50	0	0	1	0	0	0	0	0	0	0	1	0	10000	10000	0	0	0	0	10000	0	战法技能7		0	0
23018001	0	card_017_atk1_monster		元素普攻	1200	50	0	0	1	0	0	0	0	0	0	0	1	0	10000	10000	0	0	0	0	10000	0	元素普攻		0	0
23018002	1	card_017_skill1		元素技能1	620	50	0	0	1	0	0	0	0	0	0	0	1	0	10000	10000	0	0	0	0	10000	0	元素技能1		0	0
23018003	2	card_017_skill2		元素技能2	620	50	0	0	1	0	0	0	0	0	0	0	1	0	10000	10000	0	0	0	0	10000	0	元素技能2		0	0
23018004	3	card_017_skill3		元素技能3	620	50	0	0	1	0	0	0	0	0	0	0	1	0	10000	10000	0	0	0	0	10000	0	元素技能3		0	0
23019001	0	monster_qfj_atk_B_2_AiSkill		拳法家普攻1	250	50	0	0	1	0	0	0	0	0	0	0	1	0	10000	10000	0	0	0	0	10000	0	拳法家普攻1		0	0
23019002	1	monster_qfj_skill1		拳法家技能1	620	50	0	0	1	0	0	0	0	0	0	0	1	0	10000	10000	0	0	0	0	10000	0	拳法家技能1		0	0
23019003	2	monster_qfj_atk_D_4_AiSkill		拳法家技能2	620	50	0	0	1	0	0	0	0	0	0	0	1	0	10000	10000	0	0	0	0	10000	0	拳法家技能2		0	0
23019004	3	monster_qfj_skill3		拳法家技能3	620	50	0	0	1	0	0	0	0	0	0	0	1	0	10000	10000	0	0	0	0	10000	0	拳法家技能3		0	0
21020001	0	monster_boss_015_atk1		角斗士普攻	200	35	0	0	1	0	0	0	0	0	0	0	1	0	10000	10000	0	0	0	0	10000	0	哥布林商人反击技能		0	0
21020002	1	monster_boss_015_skill1		角斗士技能1	620	50	0	0	1	0	0	0	0	0	0	0	1	0	10000	10000	0	0	0	0	10000	0	拳法家技能3		0	0
21020003	2	monster_boss_015_skill2		角斗士技能2	1200	200	0	0	1	0	0	0	0	0	0	0	1	0	10000	10000	0	0	0	0	10000	0	出生向前突进攻击		0	0
21020004	3	monster_boss_015_skill3		角斗士技能3	1200	200	0	0	1	0	0	0	0	0	0	0	1	0	10000	10000	0	0	0	0	10000	0	出生向前突进攻击		0	0
21020005	10	monster_boss_015_born		角斗士出生	1200	600	0	0	1	0	0	0	0	0	0	0	1	0	10000	10000	0	0	0	0	10000	0	普通牛头冲锋		0	0
22010005	10	monster_boss_010_hurt		血枪手普攻	450	35	0	0	1	0	0	0	0	0	0	0	1	0	10000	10000	0	0	0	0	10000	0	连续普通射击		0	0
22010006	11	monster_boss_010_hurt1		血枪手普攻	450	35	0	0	1	0	0	0	0	0	0	0	1	0	10000	10000	0	0	0	0	10000	0	连续普通射击		0	0
21021001	0	monster_020_atk		烤猪普攻	1200	200	0	0	1	0	0	0	0	0	0	0	1	0	10000	10000	0	0	0	0	10000	0	烤猪普攻		0	0
21021002	1	monster_020_skill		烤猪技能一	1200	200	0	0	1	0	0	0	0	0	0	0	1	0	10000	10000	0	0	0	0	10000	0	烤猪技能一		0	0
21021003	2	monster_020_skill1		烤猪技能二	1200	200	0	0	1	0	0	0	0	0	0	0	1	0	10000	10000	0	0	0	0	10000	0	烤猪技能二		0	0
21021004	10	monster_020_born		烤猪出生技	1200	200	0	0	1	0	0	0	0	0	0	0	1	0	10000	10000	0	0	0	0	10000	0	烤猪出生技		0	0
22015004	10	monster_boss_006_skill2		火焰女出生技能	1200	600	0	0	1	0	0	0	0	0	0	0	1	0	10000	10000	0	0	0	0	10000	0	火焰女出生技能		0	0
23020001	0	card_011_atk1_Ai		百花缭乱普攻	250	50	0	0	1	0	0	0	0	0	0	0	1	0	10000	10000	0	0	0	0	10000	0	百花缭乱普攻		0	0
23020002	1	card_011_skill1_0		百花缭乱技能1	620	50	0	0	1	0	0	0	0	0	0	0	1	0	10000	10000	0	0	0	0	10000	0	百花缭乱技能1		0	0
23020003	2	card_011_skill2_0		百花缭乱技能2	620	50	0	0	1	0	0	0	0	0	0	0	1	0	10000	10000	0	0	0	0	10000	0	百花缭乱技能2		0	0
23020004	3	card_011_skill3_0		百花缭乱技能3	620	50	0	0	1	0	0	0	0	0	0	0	1	0	10000	10000	0	0	0	0	10000	0	百花缭乱技能3		0	0
23021001	0	card_005_atk1		大漠孤烟普攻	250	50	0	0	1	0	0	0	0	0	0	0	1	0	10000	10000	0	0	0	0	10000	0	大漠孤烟普攻		0	0
23021002	1	card_005_skill1		大漠孤烟技能1	620	50	0	0	1	0	0	0	0	0	0	0	1	0	10000	10000	0	0	0	0	10000	0	大漠孤烟技能1		0	0
23021003	2	card_005_skill2		大漠孤烟技能2	620	50	0	0	1	0	0	0	0	0	0	0	1	0	10000	10000	0	0	0	0	10000	0	大漠孤烟技能2		0	0
23021004	3	card_005_skill3		大漠孤烟技能3	620	50	0	0	1	0	0	0	0	0	0	0	1	0	10000	10000	0	0	0	0	10000	0	大漠孤烟技能3		0	0
23022001	0	card_014_atk1		夜雨声烦普攻	250	50	0	0	1	0	0	0	0	0	0	0	1	0	10000	10000	0	0	0	0	10000	0	夜雨声烦普攻		0	0
23022002	1	card_014_skill1		夜雨声烦技能1	620	50	0	0	1	0	0	0	0	0	0	0	1	0	10000	10000	0	0	0	0	10000	0	夜雨声烦技能1		0	0
23022003	2	card_014_skill2		夜雨声烦技能2	620	50	0	0	1	0	0	0	0	0	0	0	1	0	10000	10000	0	0	0	0	10000	0	夜雨声烦技能2		0	0
23022004	3	card_014_skill3		夜雨声烦技能3	620	50	0	0	1	0	0	0	0	0	0	0	1	0	10000	10000	0	0	0	0	10000	0	夜雨声烦技能3		0	0
23023001	0	card_015_atk1		蓝河普攻	620	50	0	0	1	0	0	0	0	0	0	0	1	0	10000	10000	0	0	0	0	10000	0	蓝河普攻		0	0
23023002	1	card_015_skill1		蓝河技能1	250	50	0	0	1	0	0	0	0	0	0	0	1	0	10000	10000	0	0	0	0	10000	0	蓝河技能1		0	0
23023003	2	card_015_skill2		蓝河技能2	620	50	0	0	1	0	0	0	0	0	0	0	1	0	10000	10000	0	0	0	0	10000	0	蓝河技能2		0	0
23023004	3	card_015_skill4		蓝河技能3	620	50	0	0	1	0	0	0	0	0	0	0	1	0	10000	10000	0	0	0	0	10000	0	蓝河技能3		0	0
23024001	0	card_015_atk1_Ai_wudi		无敌蓝河普攻	620	50	0	0	1	0	0	0	0	0	0	0	1	0	10000	10000	0	0	0	0	10000	0	无敌蓝河普攻		0	0
23024002	1	card_015_skill1_wudi		无敌蓝河技能1	620	50	0	0	1	0	0	0	0	0	0	0	1	0	10000	10000	0	0	0	0	10000	0	无敌蓝河技能1		0	0
23024003	2	card_015_skill2_wudi		无敌蓝河技能2	620	50	0	0	1	0	0	0	0	0	0	0	1	0	10000	10000	0	0	0	0	10000	0	无敌蓝河技能2		0	0
23024004	3	card_015_skill4_wudi		无敌蓝河技能3	620	50	0	0	1	0	0	0	0	0	0	0	1	0	10000	10000	0	0	0	0	10000	0	无敌蓝河技能3		0	0
21004014	4	monster_004_skill4		冰霜狼人原地小旋风	250	60	0	0	1	0	0	0	0	0	0	0	1	0	10000	10000	0	0	0	0	10000	0	冰霜狼人原地小风车		0	0
21004015	5	monster_004_atk1_3l		冰霜狼人三连击	250	60	0	0	1	0	0	0	0	0	0	0	1	0	10000	10000	0	0	0	0	10000	0	冰霜狼人三连抓		0	0
21009015	5	monster_009_skill4		骷髅法师死亡墓碑	1200	100	0	0	1	0	0	0	0	0	0	0	1	0	10000	10000	0	0	0	0	10000	0	骷髅法师死亡墓碑		0	0
22003015	4	monster_boss_003_skill4		魔化武尊死亡旋转	1200	50	0	0	1	0	0	0	0	0	0	0	1	0	10000	10000	0	0	0	0	10000	0	魔化武尊死亡旋转		0	0
22014004	3	monster_boss_014_skill01		老鹰逃跑技能	1200	100	0	0	1	0	0	0	0	0	0	0	1	0	10000	10000	0	0	0	0	10000	0	老鹰逃跑技能		0	0
21015007	4	monster_015_skill04		哥布林逃跑技能	1200	100	0	0	1	0	0	0	0	0	0	0	1	0	10000	10000	0	0	0	0	10000	0	哥布林残血逃跑		0	0
21017006	3	monster_017_atk1_3l		幽灵三连击	400	45	0	0	1	0	0	0	0	0	0	0	1	0	10000	10000	0	0	0	0	10000	0	幽灵三连击		0	0
21008010	3	monster_008_atk4		蛮牛强袭	600	300	0	0	1	0	0	0	0	0	0	0	1	0	10000	10000	0	0	0	0	10000	0	肩膀撞一下		0	0
21103301	0	monster_021_atk		炎猫妖普攻	250	35	0	0	1	0	0	0	0	0	0	0	1	0	10000	10000	0	0	0	0	10000	0	炎猫妖普攻		0	0
21103302	1	monster_021_skill1		炎猫妖上下挑爪	500	50	0	0	1	0	0	0	0	0	0	0	1	0	10000	10000	0	0	0	0	10000	0	炎猫妖上下挑爪		0	0
21103303	2	monster_021_skill2		炎猫妖前后挑爪	300	100	0	0	1	0	0	0	0	0	0	0	1	0	10000	10000	0	0	0	0	10000	0	炎猫妖前后挑爪		0	0
21103304	10	monster_021_hurt		炎猫妖反击技	1200	600	0	0	1	0	0	0	0	0	0	0	1	0	10000	10000	0	0	0	0	10000	0	炎猫妖反击技		0	0
21103305	11	monster_021_hurt1		炎猫妖反击技	1200	600	0	0	1	0	0	0	0	0	0	0	1	0	10000	10000	0	0	0	0	10000	0	炎猫妖反击技		0	0
21103306	12	monster_021_born		炎猫妖出生技	1200	600	0	0	1	0	0	0	0	0	0	0	1	0	10000	10000	0	0	0	0	10000	0	炎猫妖出生技		0	0
21002006	2	monster_002_skill2		蝎子男甩尾巴	1000	45	0	0	1	0	0	0	0	0	0	0	1	0	10000	10000	0	0	0	0	10000	0	蝎子男甩尾巴		0	0
21002007	3	monster_002_skill3		蝎子男飞3爪子	1000	45	0	0	1	0	0	0	0	0	0	0	1	0	10000	10000	0	0	0	0	10000	0	蝎子男飞3爪子		0	0
21019007	15	monster_019_fire		灼烧光环	1200	100	0	0	1	0	0	0	0	0	0	0	1	0	10000	10000	0	0	0	0	10000	0	灼烧光环		0	0
23025001	0	card_004_atk		逐烟霞AI普攻	700	35	0	0	1	0	0	0	0	0	0	0	1	0	10000	10000	0	0	0	0	10000	0	逐烟霞普攻		0	0
23025002	1	card_004_skill1		格林机枪	700	35	0	0	1	0	0	0	0	0	0	0	1	0	10000	10000	0	0	0	0	10000	0	[txt:size=18 color=white]向前方敌人发射连串的密集子弹。		0	0
23025003	2	card_004_skill2		刺弹炮	650	35	0	0	1	0	0	0	0	0	0	0	1	0	10000	10000	0	0	0	0	10000	0	[txt:size=18 color=white]向空中发射一枚炮弹，炮弹在空中爆裂后形成多枚刺弹，落地后爆炸。[r]造成[txt:size=18 color=green]100.3%+770[txt:size=18 color=white]点魔法伤害。		0	0
23025004	3	card_004_skill3		蓄能量子炮	300	35	0	0	1	0	0	0	0	0	0	0	1	0	10000	10000	0	0	0	0	10000	0	[txt:size=18 color=white]积蓄能量后向敌人发射一枚高伤害炮弹。[r]造成[txt:size=18 color=green]100.5%+547[txt:size=18 color=white]点魔法伤害。		0	0
23026001	0	card_019_atk1_Ai		全透明AI普攻	550	40	0	0	1	0	0	0	0	0	0	0	1	0	10000	10000	0	0	0	0	10000	0	全透明AI普攻		0	0
23026002	1	card_019_skill1		特制手雷	400	60	0	0	1	0	0	0	0	0	0	0	1	0	10000	10000	0	0	0	0	10000	0	[txt:size=18 color=white]向前方扇形扔出手雷，手雷造成范围性爆炸伤害。[r]造成[txt:size=18 color=green]100.2%+410[txt:size=18 color=white]点物理伤害；100.2%+410[txt:size=18 color=white]点魔法伤害。		0	0
23026003	2	card_019_skill2		散弹射击	350	60	0	0	1	0	0	0	0	0	0	0	1	0	10000	10000	0	0	0	0	10000	0	[txt:size=18 color=white]向前方扇形发射数枚高伤害子弹，并击退敌人。[r]造成[txt:size=18 color=green]100.4%+641[txt:size=18 color=white]点物理伤害；100.4%+641[txt:size=18 color=white]点魔法伤害。		0	0
23026004	3	card_019_skill3		定点空投	400	80	0	0	1	0	0	0	0	0	0	0	1	0	10000	10000	0	0	0	0	10000	0	[txt:size=18 color=white]在目标周围降下导弹，造成范围性伤害。[r]造成[txt:size=18 color=green]100.6%+684[txt:size=18 color=white]点物理伤害；100.6%+684[txt:size=18 color=white]点魔法伤害。		0	0
23027001	0	card_010_atk1_Ai		鬼刻普攻AI	250	35	0	0	1	0	0	0	0	0	0	0	1	0	10000	10000	0	0	0	0	10000	0	鬼刻普攻AI		0	0
23027002	1	card_010_skill1		死亡鬼爪	610	35	0	0	1	0	0	0	0	0	0	0	1	0	10000	10000	0	0	0	0	10000	0	[txt:size=18 color=white]释放巨大的爪状鬼神之力，抓住敌人并使其浮空，同时对其进行攻击。[r]造成[txt:size=18 color=green]100.2%+513[txt:size=18 color=white]点物理伤害；100.2%+513[txt:size=18 color=white]点魔法伤害。		0	0
23027003	2	card_010_skill2		鬼神盛宴	200	35	0	0	1	0	0	0	0	0	0	0	1	0	10000	10000	0	0	0	0	10000	0	[txt:size=18 color=white]使用时周围出现鬼阵，爆发出强大的鬼神之力将敌人轰到空中击杀。[r]造成[txt:size=18 color=green]100.4%+962[txt:size=18 color=white]点物理伤害；100.4%+962[txt:size=18 color=white]点魔法伤害。		0	0
23027004	3	card_010_skill3		死亡墓碑	900	35	0	0	1	0	0	0	0	0	0	0	1	0	10000	10000	0	0	0	0	10000	0	[txt:size=18 color=white]从天而降许多墓碑，击中地面目标。[r]造成[txt:size=18 color=green]100.8%+684[txt:size=18 color=white]点物理伤害；100.8%+684[txt:size=18 color=white]点魔法伤害。		0	0
21013011	7	monster_013_down_die		骷髅弓箭手死亡	600	600	0	0	1	0	0	0	0	0	0	0	1	0	10000	10000	0	0	0	0	10000	0	骷髅弓箭手死亡		0	0
21002008	4	monster_002_down_die		剧毒蝎子死亡	600	600	0	0	1	0	0	0	0	0	0	0	1	0	10000	10000	0	0	0	0	10000	0	剧毒蝎子死亡		0	0
22004012	6	monster_boss_004_skill3_hd		牛头高抛扔桶活动关卡	1200	600	0	0	1	0	0	0	0	0	0	0	1	0	10000	10000	0	0	0	0	10000	0	牛头高抛扔桶（可当普通技能）		0	0
22004013	7	monster_boss_004_down_die		牛头丢完桶就挂	1200	600	0	0	1	0	0	0	0	0	0	0	1	0	10000	10000	0	0	0	0	10000	0	牛头丢完桶就挂		0	0
21001302	9	monster_001_run_yellow_tp		黄金哥布林逃跑技能	1200	100	0	0	1	0	0	0	0	0	0	0	1	0	10000	10000	0	0	0	0	10000	0	哥布林残血逃跑		0	0
21101005	0	monster_001_atk1_yellow	UI_battle_attack1.png	黄色哥布林抡锤子攻击	180	35	0	0	1	0	0	0	0	0	0	0	1	0	10000	10000	0	0	0	0	10000	0	哥布林抡锤子攻击		0	0
21101019	1	monster_001_atk1_yellow_boss	item_skill_1720.png	黄金哥布林boss残影攻击	180	35	0	0	1	0	0	0	0	0	0	0	1	0	10000	10000	0	0	0	0	10000	0	冰霜哥布林普攻冰块		0	0
23028001	0	card_012_atk1_AiSkill	UI_battle_attack1.png	再水一夏AI普攻	225	35	0	0	1	0	0	0	0	0	0	0	1	0	10000	10000	0	0	0	0	10000	0	再水一夏AI普攻		0	0
23028002	1	card_012_skill1	item_skill_2310.png	血气旋风斩	280	35	0	0	1	0	0	0	0	0	0	0	1	0	10000	10000	0	0	0	0	10000	0	[txt:size=18 color=white]原地旋转产生血红色旋风，对周围敌人造成伤害。[r]造成[txt:size=18 color=green]100.1%+770[txt:size=18 color=white]点物理伤害；		0	0
23028003	2	card_012_skill2	item_skill_2320.png	血影十字斩	620	35	0	0	1	0	0	0	0	0	0	0	1	0	10000	10000	0	0	0	0	10000	0	[txt:size=18 color=white]挥刀上挑后蓄力横劈，释放剑气攻击敌人。[r]造成[txt:size=18 color=green]100.3%+513[txt:size=18 color=white]点物理伤害；		0	0
23028004	3	card_012_skill3	item_skill_2330.png	噬魂血手	425	35	0	0	1	0	0	0	0	0	0	0	1	0	10000	10000	0	0	0	0	10000	0	[txt:size=18 color=white]将怪物吸附到玩家身前，对其展开攻击。[r]造成[txt:size=18 color=green]100.6%+684[txt:size=18 color=white]点物理伤害；		0	0
23029001	0	card_021_atk1_Ai	UI_battle_attack1.png	哈里斯AI普攻	300	40	0	0	1	0	0	0	0	0	0	0	1	0	10000	10000	0	0	0	0	10000	0	AI普攻		0	0
23029002	1	card_021_skill1	item_skill_2110.png	邪光斩	350	35	0	0	1	0	0	0	0	0	0	0	1	0	10000	10000	0	0	0	0	10000	0	[txt:size=18 color=white]向前方斩出两道邪光。[r]击退目标并对其造成[txt:size=18 color=green]100.08%+513[txt:size=18 color=white]点物理伤害；100.08%+513[txt:size=18 color=white]点魔法伤害。		0	0
23029003	2	card_021_skill2	item_skill_2130.png	暗天波动	400	35	0	0	1	0	0	0	0	0	0	0	1	0	10000	10000	0	0	0	0	10000	0	[txt:size=18 color=white]将周围的敌人聚集到身前。[r]造成[txt:size=18 color=green]100.15%+641[txt:size=18 color=white]点物理伤害；100.15%+641[txt:size=18 color=white]点魔法伤害。		0	0
23029004	3	card_021_skill3	item_skill_2130.png	极寒之锥	200	35	0	0	1	0	0	0	0	0	0	0	1	0	10000	10000	0	0	0	0	10000	0	[txt:size=18 color=white]向前方挥剑斩出一道冰锥。[r]对沿途的敌人造成[txt:size=18 color=green]100.2%+855[txt:size=18 color=white]点物理伤害；100.2%+855[txt:size=18 color=white]点魔法伤害。		0	0
23030001	0	card_022_atk1_Ai	UI_battle_attack1.png	欲盖弥彰AI普攻	400	40	0	0	1	0	0	0	0	0	0	0	1	0	10000	10000	0	0	0	0	10000	0	AI普攻		0	0
23030002	1	card_022_skill1	item_skill_2110.png	回旋倒踢	400	35	0	0	1	0	0	0	0	0	0	0	1	0	10000	10000	0	0	0	0	10000	0	[txt:size=18 color=white]倒立并快速旋转身体，利用倒旋的双腿踢击周围敌人。[r]造成[txt:size=18 color=green]100.1%+1080[txt:size=18 color=white]点物理伤害；		0	0
23030003	2	card_022_skill2	item_skill_2130.png	飞枪反击	550	35	0	0	1	0	0	0	0	0	0	0	1	0	10000	10000	0	0	0	0	10000	0	[txt:size=18 color=white]将手枪投掷出去，向前笔直飞行击中敌人后原路返回。[r]造成[txt:size=18 color=green]100.3%+720[txt:size=18 color=white]点物理伤害；		0	0
23030004	3	card_022_skill3	item_skill_2130.png	多重乱射	450	35	0	0	1	0	0	0	0	0	0	0	1	0	10000	10000	0	0	0	0	10000	0	[txt:size=18 color=white]使用双枪对周围敌人进连续的混乱射击。[r]造成[txt:size=18 color=green]100.3%+960[txt:size=18 color=white]点物理伤害；		0	0
23031001	0	card_013_atk1_ai	UI_battle_attack3.png	气冲云水AI普攻	200	35	0	0	1	0	0	0	0	0	0	0	1	0	10000	10000	0	0	0	0	10000	0	气冲云水普攻		0	0
23031002	1	card_013_skill01	item_skill_2110.png	念气炮	200	35	0	0	1	0	0	0	0	0	0	0	1	0	10000	10000	0	0	0	0	10000	0	[txt:size=18 color=white]向前方敌人轰出三记念气炮。[r]造成[txt:size=18 color=green]100.2%+410[txt:size=18 color=white]点物理伤害；100.2%+410[txt:size=18 color=white]点魔法伤害。		0	0
23031003	2	card_013_skill02_01	item_skill_2130.png	推云掌	200	35	0	0	1	0	0	0	0	0	0	0	1	0	10000	10000	0	0	0	0	10000	0	[txt:size=18 color=white]双掌前推将念气送出，产生爆破效果对敌人造成伤害。[r]造成[txt:size=18 color=green]100.4%+641[txt:size=18 color=white]点物理伤害；100.4%+641[txt:size=18 color=white]点魔法伤害。		0	0
23031004	3	card_013_skill03_01	item_skill_2130.png	排山倒海	200	35	0	0	1	0	0	0	0	0	0	0	1	0	10000	10000	0	0	0	0	10000	0	[txt:size=18 color=white]连续出掌，向敌人释放排山倒海般的攻击波。[r]造成[txt:size=18 color=green]100.7%+684[txt:size=18 color=white]点物理伤害；100.7%+684[txt:size=18 color=white]点魔法伤害。		0	0
23032001	0	card_018_atk1_Ai	UI_battle_attack2.png	生灵灭AI普攻	500	45	0	0	1	0	0	0	0	0	0	0	1	0	10000	10000	0	0	0	0	10000	0	生灵灭AI普攻		0	0
23032002	1	card_018_skill1	item_skill_0330.png	追踪者	550	100	0	0	1	0	0	0	0	0	0	0	1	0	10000	10000	0	0	0	0	10000	0	[txt:size=18 color=white]投影出一组可追踪敌人的机器人。机器人将在追踪到目标或持续5秒后，自爆[r]造成[txt:size=18 color=green]100.2%+972[txt:size=18 color=white]点魔法伤害。		0	0
23032003	2	card_018_skill2	item_skill_1010.png	速射重炮	500	60	0	0	1	0	0	0	0	0	0	0	1	0	10000	10000	0	0	0	0	10000	0	[txt:size=18 color=white]投影出炮台对直线上敌人连续不断的攻击，在持续5秒后自爆。[r]造成[txt:size=18 color=green]100.5%+648[txt:size=18 color=white]点魔法伤害。		0	0
23032004	3	card_018_skill3	item_skill_1910.png	钢铁之拳	650	100	0	0	1	0	0	0	0	0	0	0	1	0	10000	10000	0	0	0	0	10000	0	[txt:size=18 color=white]打开次元之门召唤巨型机器人之拳对敌人猛烈打击。距离次元之门越近，伤害越高。[r]造成[txt:size=18 color=green]100.7%+864[txt:size=18 color=white]点魔法伤害。		0	0
23033001	0	card_003_atk1_Ai	UI_battle_attack4.png	叶秋AI普攻	350	35	0	0	1	0	0	0	0	0	0	0	1	0	10000	10000	0	0	0	0	10000	0	战斗法师小伙伴普攻		0	0
23033002	1	card_003_skill1	item_skill_0330.png	伏龙翔天	700	35	0	0	1	0	0	0	0	0	0	0	1	0	10000	10000	0	0	0	0	10000	0	[txt:size=18 color=white]使用战矛击打地面后，一条火龙从地下窜出攻击敌人。[r]造成[txt:size=18 color=green]100.1%+810[txt:size=18 color=white]点物理伤害；		0	0
23033003	2	card_003_skill2_1	item_skill_0310.png	怒龙穿心破	700	35	0	0	1	0	0	0	0	0	0	0	1	0	10000	10000	0	0	0	0	10000	0	[txt:size=18 color=white]向前瞬移，利用身体产生的旋风击穿敌人。[r]造成[txt:size=18 color=green]100.4%+540[txt:size=18 color=white]点物理伤害；		0	0
23033004	3	card_003_skill3	item_skill_0320.png	蛟龙出海	500	35	0	0	1	0	0	0	0	0	0	0	1	0	10000	10000	0	0	0	0	10000	0	[txt:size=18 color=white]挥动战矛射出风火轮滚动攻击敌人。[r]造成[txt:size=18 color=green]100.6%+720[txt:size=18 color=white]点物理伤害；		0	0
23034001	0	role_js_atk1_AiSkill	UI_battle_attack1.png	男剑客普攻1	200	50	0	0	1	0	0	0	0	0	0	0	1	0	10000	10000	0	0	0	0	10000	0			0	0
23034002	1	role_js_skill1	item_skill_1720.png	银光落刃	380	55	0	0	1	0	0	0	0	0	0	0	1	0	10000	10000	0	0	0	0	10000	0	[txt:size=18 color=white]操纵角色快速移动，使用剑进行连续刺击攻击敌人，技能等级越高，造成伤害段数越多。[r]造成[txt:size=18 color=green]100.1%[txt:size=18 color=white]物理伤害；		0	0
23034003	2	role_js_skill2	item_skill_1710.png	剑定天下	450	55	0	0	1	0	0	0	0	0	0	0	1	0	10000	10000	0	0	0	0	10000	0	[txt:size=18 color=white]一道银光从半空落下，剑气击伤一定范围内的所有目标。[r]造成[txt:size=18 color=green]100.1%[txt:size=18 color=white]物理伤害；		0	0
23034004	3	role_js_skill3	item_skill_1730.png	迎风一刀斩	550	55	0	0	1	0	0	0	0	0	0	0	1	0	10000	10000	0	0	0	0	10000	0	[txt:size=18 color=white]在半空中旋转剑身形成一个攻击圈，范围所有敌人都会受到强大的剑气冲击。[r]造成[txt:size=18 color=green]100%[txt:size=18 color=white]物理伤害，并增加[txt:size=18 color=green]210[txt:size=18 color=white]点技能暴击率。		0	0
23035001	0	role_qfj_atk_1_Ai	UI_battle_attack3.png	男拳师普攻1	150	50	0	0	1	0	0	0	0	0	0	0	1	0	10000	10000	0	0	0	0	10000	0	男拳师普攻1		0	0
23035002	1	role_qfj_skill1	item_skill_longbaoji.png	龙虎乱舞	150	35	0	0	1	0	0	0	0	0	0	0	1	0	10000	10000	0	0	0	0	10000	0	[txt:size=18 color=white]向前方发出强威力的拳脚攻击并使自身和敌人跃上空中，[r]造成[txt:size=18 color=green]100.17%[txt:size=18 color=white]点物理伤害；		0	0
23035003	2	role_qfj_skill2	item_skill_shuaida.png	断背摔	150	35	0	0	1	0	0	0	0	0	0	0	1	0	10000	10000	0	0	0	0	10000	0	[txt:size=18 color=white]将目标敌人抛至空中，抓取后在地面上反复摔打。[r]造成[txt:size=18 color=green]100.125%[txt:size=18 color=white]点物理伤害；		0	0
23035004	3	role_qfj_skill3	item_skill_shandiantu.png	旋风腿	150	35	0	0	1	0	0	0	0	0	0	0	1	0	10000	10000	0	0	0	0	10000	0	[txt:size=18 color=white]快速旋转身体，用腿对敌人发动迅猛快如闪电的连续攻击。[r]造成[txt:size=18 color=green]100.2%[txt:size=18 color=white]点物理伤害；		0	0
23036001	0	role_qps_atk1_AiSkill	UI_battle_attack2.png	女枪手普攻1	650	50	0	0	1	0	0	0	0	0	0	0	1	0	10000	10000	0	0	0	0	10000	0	女枪手普攻1		0	0
23036002	1	role_qps_skill1	item_skill_1010.png	加农炮	500	50	0	0	1	0	0	0	0	0	0	0	1	0	10000	10000	0	0	0	0	10000	0	[txt:size=18 color=white]蓄力后向敌人发射能量球，撞向敌人后爆炸。[r]造成[txt:size=18 color=green]100.1%[txt:size=18 color=white]魔法伤害；		0	0
23036003	2	role_qps_skill2	item_skill_2210.png	火力压制	550	50	0	0	1	0	0	0	0	0	0	0	1	0	10000	10000	0	0	0	0	10000	0	[txt:size=18 color=white]向前方敌人发射密集子弹，用强大的火力将其压制。[r]造成[txt:size=18 color=green]100.1%[txt:size=18 color=white]魔法伤害，并增加[txt:size=18 color=green]100[txt:size=18 color=white]点技能命中率。		0	0
23036004	3	role_qps_skill3	item_skill_1620.png	枪炮武术	550	50	0	0	1	0	0	0	0	0	0	0	1	0	10000	10000	0	0	0	0	10000	0	[txt:size=18 color=white]向前滑铲使敌人浮空，接着双枪同时发射大量子弹攻击空中的敌人。[r]造成[txt:size=18 color=green]100%[txt:size=18 color=white]魔法伤害，并增加[txt:size=18 color=green]200[txt:size=18 color=white]点技能命中率。		0	0
56003003	10	shandian_30		一大波雷电垂直落下	1200	600	0	0	1	0	0	0	0	0	0	0	1	0	0	1500	0	0	0	0	10000	0	一大波雷电垂直落下		1	7
23037001	0	role_mdxz_atk1_Ai	UI_battle_attack4.png	AI普攻	400	50	0	0	1	0	0	0	0	0	0	0	1	0	10000	10000	0	0	0	0	10000	0	魔道学者普攻		0	0
23037002	1	role_mdxz_skill1	item_skill_30614.png	自然科技	250	60	0	0	1	0	0	0	0	0	0	0	1	0	10000	10000	0	0	0	0	10000	0	[txt:size=18 color=white]普通状态：在自身周遭释放冰阵，造成伤害击退目标。[r]造成[txt:size=18 color=green]100.08%[txt:size=18 color=white]点物理伤害；100.08%[txt:size=18 color=white]点魔法伤害。		0	0
23037003	2	role_mdxz_skill2	item_skill_30616.png	暴力科技	400	55	0	0	1	0	0	0	0	0	0	0	1	0	10000	10000	0	0	0	0	10000	0	[txt:size=18 color=white]普通状态：向前扔束缚带捆住目标，随后一拳打出伤害。[r]造成[txt:size=18 color=green]100.1%[txt:size=18 color=white]点物理伤害；100.1%[txt:size=18 color=white]点魔法伤害。		0	0
23037004	3	role_mdxz_skill3	item_skill_30615.png	工业科技	250	60	0	0	1	0	0	0	0	0	0	0	1	0	10000	10000	0	0	0	0	10000	0	[txt:size=18 color=white]普通状态：召唤电塔，攻击电圈内目标。[r]造成[txt:size=18 color=green]100.15%[txt:size=18 color=white]点物理伤害；100.15%[txt:size=18 color=white]点魔法伤害。		0	0
21103401	0	world_boss_012_atk1		世界boss普攻	650	60	0	0	1	0	0	0	0	0	0	0	1	0	10000	10000	0	0	0	0	10000	0	魔道学者普攻		0	0
21103402	1	world_boss_012_skill1		技能一	1200	60	0	0	1	0	0	0	0	0	0	0	1	0	10000	10000	0	0	0	0	10000	0	[txt:size=18 color=white]普通状态：在自身周遭释放冰阵，造成伤害击退目标。[r]造成[txt:size=18 color=green]100.08%[txt:size=18 color=white]点物理伤害；100.08%[txt:size=18 color=white]点魔法伤害。		0	0
21103403	2	world_boss_012_skill2		技能二	450	150	0	0	1	0	0	0	0	0	0	0	1	0	10000	10000	0	0	0	0	10000	0	[txt:size=18 color=white]普通状态：向前扔束缚带捆住目标，随后一拳打出伤害。[r]造成[txt:size=18 color=green]100.1%[txt:size=18 color=white]点物理伤害；100.1%[txt:size=18 color=white]点魔法伤害。		0	0
21103404	3	world_boss_012_skill3		技能三	250	50	0	0	1	0	0	0	0	0	0	0	1	0	10000	10000	0	0	0	0	10000	0	[txt:size=18 color=white]普通状态：召唤电塔，攻击电圈内目标。[r]造成[txt:size=18 color=green]100.15%[txt:size=18 color=white]点物理伤害；100.15%[txt:size=18 color=white]点魔法伤害。		0	0
21103405	4	world_boss_012_skill4		技能四	1200	600	0	0	1	0	0	0	0	0	0	0	1	0	10000	10000	0	0	0	0	10000	0	[txt:size=18 color=white]普通状态：在自身周遭释放冰阵，造成伤害击退目标。[r]造成[txt:size=18 color=green]100.08%[txt:size=18 color=white]点物理伤害；100.08%[txt:size=18 color=white]点魔法伤害。		0	0
21103406	5	world_boss_012_skill5		技能五	500	70	0	0	1	0	0	0	0	0	0	0	1	0	10000	10000	0	0	0	0	10000	0	[txt:size=18 color=white]普通状态：向前扔束缚带捆住目标，随后一拳打出伤害。[r]造成[txt:size=18 color=green]100.1%[txt:size=18 color=white]点物理伤害；100.1%[txt:size=18 color=white]点魔法伤害。		0	0
21103407	6	world_boss_012_skill6		技能六	1000	600	0	0	1	0	0	0	0	0	0	0	1	0	10000	10000	0	0	0	0	10000	0	[txt:size=18 color=white]普通状态：召唤电塔，攻击电圈内目标。[r]造成[txt:size=18 color=green]100.15%[txt:size=18 color=white]点物理伤害；100.15%[txt:size=18 color=white]点魔法伤害。		0	0
